86.938	0.4
87.4632	0.755556
87.9905	0.622222
88.5157	0.844444
89.0408	0.888889
89.5681	0.666667
90.0931	0.8
90.6182	0.666667
91.1453	0.8
91.6703	0.977778
92.1953	0.577778
92.7223	0.533333
93.2472	0.666667
93.7721	1.06667
94.2991	0.933333
94.8239	0.977778
95.3486	0.711111
95.8734	0.933333
96.4003	0.888889
96.9249	1.24444
97.4496	0.8
97.9764	0.933333
98.501	0.8
99.0255	0.888889
99.5501	1.2
100.077	1.28889
100.601	1.06667
101.126	1.11111
101.65	1.42222
102.174	1.02222
102.701	1.11111
103.225	1.06667
103.75	1.28889
104.274	1.24444
104.798	1.33333
105.324	1.64444
105.849	1.86667
106.373	2
106.897	2.26667
107.421	2.57778
107.947	2.31111
108.471	2.22222
108.995	1.86667
109.519	1.82222
110.043	1.73333
110.567	1.86667
111.091	2.17778
111.617	1.95556
112.141	2
112.665	2.04444
113.188	2.13333
113.712	2.22222
114.236	2.22222
114.76	2.84444
115.283	2.88889
115.807	2.22222
116.331	2.48889
116.856	2.31111
117.38	3.02222
117.903	2.88889
118.427	2.88889
118.95	2.35556
119.474	2.53333
119.997	2.62222
120.52	2.4
121.044	2.71111
121.567	2.8
122.09	2.93333
122.614	3.82222
123.137	3.77778
123.66	4
124.183	3.51111
124.706	3.2
125.229	2.97778
125.752	3.15556
126.275	3.11111
126.798	3.02222
127.321	3.24444
127.844	3.33333
128.367	3.64444
128.89	4.22222
129.413	4.08889
129.936	4.13333
130.459	4.22222
130.982	4.71111
131.504	4.66667
132.025	4.93333
132.548	4.84444
133.07	4.53333
133.593	4.66667
134.115	5.24444
134.638	5.42222
135.161	5.51111
135.683	6.04444
136.206	6.22222
136.728	6.62222
137.248	6.88889
137.771	7.6
138.293	8.13333
138.815	8.84445
139.338	9.6
139.86	9.77778
140.382	9.91111
140.902	10.3556
141.425	10.2222
141.947	11.0667
142.469	11.4222
142.991	11.5556
143.513	12.6667
144.033	13.2
144.555	13.7778
145.077	14.6222
145.599	14.6222
146.121	16.2222
146.641	16.9778
147.163	17.4222
147.684	18
148.206	18.4889
148.726	19.3333
149.248	20.3111
149.769	20.5778
150.291	22.0889
150.811	23.2444
151.332	23.8667
151.854	24.2222
152.375	25.7778
152.895	26.4444
153.416	26.5333
153.938	27.2889
154.457	26.8889
154.979	26.3111
155.5	25.5556
156.019	24.4889
156.541	22.6222
157.062	22.7556
157.581	22
158.102	21.7333
158.624	21.9556
159.143	22
159.664	21.8667
160.185	22.5778
160.704	23.2
161.225	23.4222
161.746	24
162.265	23.3333
162.786	23.7778
163.307	23.7778
163.826	23.2889
164.347	22.9333
164.866	23.7333
165.386	22.8444
165.907	22.7556
166.426	22.5778
166.947	22.0444
167.465	21.6444
167.986	20.7556
168.505	20.4
169.025	19.8667
169.544	19.5111
170.064	19.8667
170.585	19.5556
171.103	20.0889
171.624	19.2
172.142	19.0222
172.663	17.8667
173.181	17.5556
173.701	18
174.22	17.3333
174.74	17.2444
175.258	16.6667
175.778	17.2
176.296	16.4
176.817	15.3778
177.335	16
177.855	15.4667
178.373	14.9778
178.891	15.2889
179.411	14.9333
179.929	15.0667
180.449	14.9333
180.967	14.8
181.487	14.8889
182.005	14.9778
182.524	14.4444
183.042	15.3333
183.56	14.6667
184.08	15.4222
184.597	15.2889
185.117	15.7333
185.635	16.0444
186.152	16
186.672	16.0889
187.189	16.4444
187.707	16.6222
188.227	16.5778
188.744	16.4889
189.264	16.8
189.781	17.3778
190.298	17.3333
190.818	17.5111
191.335	17.6444
191.852	17.6889
192.372	17.9111
192.889	18.2222
193.406	18.4889
193.923	18.4889
194.442	19.2
194.959	19.0667
195.476	19.8667
195.996	20.3111
196.513	21.3778
197.03	21.3333
197.547	22.6667
198.066	22.6667
198.582	23.2
199.099	23.6444
199.616	25.6
200.135	25.4222
200.652	27.4222
201.169	27.8667
201.685	28.7111
202.204	30.7111
202.721	33.3778
203.237	33.9111
203.754	35.6889
204.271	37.0222
204.789	39.1556
205.306	41.6889
205.822	44.8444
206.339	47.4667
206.855	50.4444
207.371	54.4
207.89	57.2
208.406	61.2444
208.923	66.7111
209.439	72.9778
209.955	78.7111
210.471	84.2222
210.988	93.6444
211.506	102
212.022	111.867
212.538	124.889
213.054	138.133
213.57	152.667
214.086	166.044
214.602	184.711
215.118	196.578
215.634	206.844
216.15	216.4
216.668	218.756
217.184	215.733
217.7	209.244
218.216	192.4
218.731	179.2
219.247	161.867
219.763	146.711
220.278	133.689
220.794	120.356
221.31	111.378
221.825	102.267
222.341	94.0889
222.856	88.4
223.372	82.2667
223.887	79.1556
224.403	74.4889
224.918	71.8667
225.434	68.1333
225.949	66.7111
226.464	63.6889
226.98	62
227.495	60.1778
228.01	58.4889
228.525	56.8
229.041	54.4889
229.556	51.9111
230.069	50.9778
230.584	48.4444
231.099	47.0222
231.614	44.8889
232.129	43.3778
232.644	42.8444
233.159	40.8444
233.674	39.3778
234.189	37.3778
234.704	37.3778
235.219	36.0889
235.731	35.9111
236.246	34.2222
236.761	32.9333
237.276	32.2222
237.79	31.3333
238.305	29.4667
238.818	28.6667
239.332	26.0444
239.847	24.8
240.361	23.3778
240.876	23.7778
241.391	22.2222
241.903	22.2222
242.417	21.4222
242.932	21.6
243.446	20.6667
243.961	20.2667
244.473	20.8444
244.987	21.0222
245.501	20.6667
246.016	20.3556
246.528	20.4889
247.042	20.7556
247.556	20.3556
248.07	20.6222
248.582	21.4667
249.096	21.2444
249.61	21.3778
250.124	22.0444
250.636	22
251.15	21.3333
251.664	21.6889
252.176	21.3333
252.69	22.0889
253.204	22.1333
253.718	22.0889
254.229	22.3556
254.743	22.4889
255.257	22.7556
255.768	22.7111
256.282	22.7111
256.796	22.8
257.307	22.7556
257.821	23.7778
258.332	23.6444
258.846	23.8667
259.359	24.3111
259.871	24.2222
260.384	24.4889
260.898	24.9333
261.409	25.3333
261.922	25.7333
262.434	25.2
262.947	26.8889
263.46	25.7333
263.971	27.0222
264.485	28
264.996	27.6889
265.509	28.5333
266.02	29.1111
266.533	29.1556
267.044	29.8667
267.557	30.1333
268.07	30.4444
268.581	29.9111
269.094	31.0667
269.605	30.6667
270.118	30.0444
270.629	29.5556
271.141	30.5333
271.652	28.6222
272.165	29.5556
272.676	28.9333
273.188	30.0889
273.699	30.0889
274.212	30.5333
274.722	30.1333
275.233	30.2222
275.745	30.5333
276.256	31.0667
276.769	31.0667
277.279	30.8889
277.791	30.0444
278.302	30.4
278.814	29.8222
279.325	29.5556
279.835	29.0222
280.347	28.8889
280.857	28.8889
281.37	27.9111
281.88	27.8667
282.39	27.7778
282.902	27.1111
283.412	26.6222
283.922	26.4889
284.435	24.3111
284.945	24.9333
285.455	26.3111
285.967	24.7556
286.477	24.3111
286.988	24.5778
287.498	23.4667
288.008	23.6444
288.518	23.4222
289.03	22.8889
289.54	22.6667
290.049	22.1778
290.561	22.8444
291.071	21.0222
291.58	21.5556
292.092	20.1778
292.602	20.6222
293.111	19.6444
293.621	19.3333
294.132	19.0667
294.642	18.4444
295.151	18.6667
295.661	18.7111
296.172	18.4889
296.682	18.1333
297.191	17.8222
297.7	18.2667
298.209	16.6667
298.721	17.6
299.23	17.8667
299.739	17.0222
300.248	16.6667
300.758	17.2
301.269	17.2889
301.778	16.7111
302.287	17.0222
302.796	16.2667
303.305	16.3556
303.814	16.2667
304.325	16.5778
304.834	16.1333
305.343	15.9556
305.852	15.5556
306.36	15.2889
306.869	14.9778
307.378	14.2222
307.889	14.4
308.397	14.5333
308.906	13.2889
309.415	14.1333
309.923	13.6444
310.432	13.8667
310.941	13.0667
311.449	13.7778
311.958	13.0222
312.466	13.5111
312.975	13.2444
313.483	13.4222
313.991	13.4667
314.5	13.1111
315.01	13.3333
315.519	12.8889
316.027	12.9778
316.535	13.7333
317.043	13.2889
317.552	13.5111
318.06	13.3778
318.568	12.8889
319.076	13.7778
319.584	13.3333
320.092	13.5111
320.6	13.3778
321.106	13.7333
321.614	13.4222
322.122	13.2889
322.63	13.6444
323.138	13.5111
323.646	13.2889
324.154	13.3778
324.662	13.6889
325.169	13.6
325.677	14.2222
326.185	13.2444
326.693	14.1778
327.2	13.9111
327.708	13.6444
328.213	14.3111
328.721	13.9556
329.229	14.0889
329.736	14
330.244	14.0889
330.751	14.7556
331.259	14.6667
331.766	14.3556
332.271	14.4444
332.779	14.9778
333.286	14.8444
333.793	15.2444
334.301	14.8889
334.808	15.6889
335.313	15.4222
335.82	15.2444
336.327	15.3333
336.835	15.3333
337.342	15.0667
337.847	15.3333
338.354	14.8889
338.861	14.9333
339.368	14.8889
339.873	15.1111
340.38	15.4667
340.887	14.7111
341.394	14.8
341.898	14.9333
342.405	15.3333
342.912	14.9778
343.419	15.2
343.923	14.6667
344.43	15.2
344.937	15.5111
345.444	14.8889
345.948	14.7111
346.455	14.8889
346.961	14.8889
347.466	15.2444
347.972	15.2
348.479	14.9778
348.983	14.8444
349.49	15.4222
349.996	15.6
350.501	15.0222
351.007	15.3778
351.513	15.8667
352.017	15.5111
352.524	15.7333
353.028	15.6
353.534	15.6889
354.04	15.9111
354.545	16.0444
355.051	16.4889
355.555	15.7333
356.061	16
356.567	15.8667
357.071	16.5333
357.577	16.2222
358.081	15.8667
358.587	16.1333
359.091	16.6667
359.596	16.1778
360.102	17.2889
360.606	16.6222
361.112	17.4222
361.616	17.7333
362.121	17.2444
362.625	17.7333
363.131	18
363.634	17.6
364.14	17.6889
364.644	17.4222
365.149	16.9333
365.653	15.9556
366.158	15.8222
366.662	15.0667
367.167	15.4667
367.671	14.9333
368.176	14.3111
368.679	14.6667
369.183	14.3556
369.688	13.6
370.191	14
370.696	13.3333
371.2	12.6667
371.705	13.4667
372.208	12.6222
372.711	12.9778
373.216	12.9333
373.719	13.2444
374.224	12.3111
374.727	12.7556
375.23	12.7111
375.735	12.7556
376.238	12.9333
376.741	12.7556
377.246	12.4
377.749	13.1111
378.252	13.0222
378.757	12.8
379.259	13.3778
379.762	12.5333
380.267	12.8444
380.77	12.9333
381.272	13.0222
381.777	12.8444
382.279	13.2444
382.782	12.7111
383.287	13.1111
383.789	12.4444
384.292	12.3111
384.794	12.6667
385.299	12.9778
385.801	12.9778
386.303	12.8889
386.808	12.4889
387.31	12.6222
387.812	12.8
388.315	12.4444
388.817	12.7556
389.321	12.7556
389.823	12.4
390.325	12.8889
390.828	13.1556
391.33	12.7111
391.834	12.5333
392.336	12.8
392.838	12.6222
393.34	12.8
393.842	12.3111
394.346	12.5778
394.848	12.4889
395.35	12.5333
395.851	12.9778
396.353	12.6667
396.855	13.1556
397.357	12.6222
397.861	13.3333
398.362	13.0667
398.864	12.2222
399.366	12.6667
399.867	13.1111
400.369	12.8444
400.87	13.3333
401.372	12.7556
401.873	13.2
402.375	12.7556
402.878	12.4889
403.38	12.7111
403.881	12.7556
404.383	13.1111
404.884	13.1111
405.385	13.0667
405.887	12.9778
406.388	13.6
406.889	13.6889
407.39	13.3333
407.892	13.5556
408.393	13.5111
408.894	13.6889
409.395	13.1556
409.896	13.0222
410.397	13.8667
410.898	14.1778
411.399	14.0444
411.9	13.8222
412.401	14.2222
412.902	13.8667
413.403	13.7778
413.904	14.8
414.405	15.0222
414.905	14.1778
415.406	14.9778
415.905	15.2444
416.406	15.2
416.906	15.0222
417.407	15.2444
417.908	16
418.408	15.2444
418.909	16.2667
419.409	15.9556
419.91	16.7556
420.41	17.1111
420.909	16.8444
421.409	17.3333
421.91	17.9556
422.41	17.7778
422.91	18.6222
423.411	19.6889
423.909	18.9333
424.409	19.5111
424.91	19.9556
425.41	20.2222
425.91	20.5333
426.41	20.4
426.908	20.7111
427.408	21.1556
427.909	21.2
428.409	21.5111
428.909	21.8222
429.407	21.2
429.907	21.6889
430.407	20.5778
430.907	21.3778
431.404	20.4444
431.904	20
432.404	19.7333
432.904	19.1111
433.402	18.1333
433.901	18.6222
434.401	18.2667
434.899	17.2889
435.399	16.8444
435.898	16.7111
436.398	16.4444
436.895	16.4889
437.395	16.4
437.895	16.1778
438.392	16.5333
438.892	17.2
439.391	16.8444
439.888	17.6
440.388	17.0667
440.887	17.6444
441.385	17.7778
441.884	17.7778
442.381	18.1778
442.88	17.2889
443.38	18.3111
443.877	17.9111
444.376	17.5556
444.873	18.4
445.372	18.4444
445.871	18.5333
446.368	18.6667
446.868	19.2889
447.365	19.0667
447.864	19.2889
448.36	20.3111
448.859	20.3556
449.358	20.6667
449.855	21.8667
450.354	22
450.851	21.7778
451.35	21.9111
451.846	22.9333
452.345	22.6222
452.842	22.3111
453.341	22.5778
453.837	22.9778
454.336	22.4444
454.832	22.8
455.331	21.7333
455.828	21.6889
456.326	20.7111
456.823	20.3111
457.321	19.8222
457.818	18.2222
458.314	17.7333
458.812	16.8
459.309	16.4
459.807	15.6
460.303	15.3333
460.802	14.8889
461.298	15.2444
461.794	14.8444
462.292	14.4889
462.788	14.8
463.287	14.3111
463.783	14.3111
464.279	14.6667
464.777	15.2889
465.273	15.1556
465.769	15.3333
466.267	15.2
466.763	15.3778
467.259	15.7333
467.757	15.9111
468.253	16.0889
468.748	17.2444
469.246	16.8889
469.742	18.4
470.238	18.2667
470.736	19.5111
471.231	19.7778
471.727	20.6222
472.225	21.8667
472.72	22.2222
473.216	23.0667
473.711	22.2667
474.209	21.6889
474.704	20
475.2	19.3333
475.695	17.7333
476.193	16.2667
476.688	15.4222
477.184	13.5111
477.679	12.8444
478.176	11.7778
478.672	11.0667
479.167	10.1778
479.662	9.86667
480.157	9.06667
480.655	9.28889
481.15	9.02222
481.645	8.75556
482.14	8
482.635	9.06667
483.13	8.84444
483.627	8.44444
484.122	8.62222
484.617	8.35556
485.112	8.35556
485.607	8.31111
486.102	8.04444
486.597	8.4
487.092	8.17778
487.588	8.4
488.083	8.71111
488.578	8.53333
489.073	8.13333
489.567	7.91111
490.062	7.95555
490.557	8.26667
491.051	8
491.546	8.17778
492.04	7.51111
492.535	8.04445
493.029	8.08889
493.524	7.46667
494.018	7.6
494.513	8.04445
495.007	7.95556
495.504	7.68889
495.998	7.73333
496.492	7.77778
496.987	8.04444
497.481	7.73333
497.973	7.86667
498.467	7.33333
498.962	7.55556
499.456	7.55556
499.95	7.55556
500.444	7.73333
500.938	7.68889
501.432	7.6
501.926	7.55556
502.42	7.55556
502.914	7.55556
503.408	7.15556
503.902	7.6
504.396	7.46667
504.89	7.15556
505.384	7.42222
505.878	7.02222
506.369	7.11111
506.863	6.93333
507.357	7.37778
507.85	7.46667
508.344	7.33333
508.838	7.2
509.331	7.28889
509.823	7.06667
510.317	7.24444
510.81	7.33333
511.304	6.66667
511.797	6.97778
512.291	6.75556
512.782	6.97778
513.275	6.97778
513.769	6.62222
514.262	6.93333
514.756	6.66667
515.247	6.62222
515.74	6.97778
516.233	6.44444
516.727	6.35556
517.218	6.84444
517.711	6.75556
518.204	6.53333
518.697	6.57778
519.188	6.35556
519.681	6.48889
520.174	6.13333
520.667	6
521.158	6.44444
521.651	6.08889
522.144	6.53333
522.635	6.26667
523.128	6.13333
523.621	5.95556
524.114	6.17778
524.605	6.44444
525.097	6.17778
525.59	6.53333
526.081	6.17778
526.574	6.17778
527.066	6.08889
527.557	5.82222
528.049	6.13333
528.54	5.77778
529.033	6.31111
529.525	6.22222
530.016	6
530.508	6.57778
530.999	6.08889
531.491	6.35556
531.983	6.08889
532.474	6.22222
532.966	6
533.456	6.04444
533.949	6.04444
534.441	6.08889
534.931	6
535.423	6.08889
535.914	5.86667
536.406	6.08889
536.896	6.13333
537.388	6.04444
537.878	5.86667
538.37	6.04444
538.86	6.04444
539.352	6.35556
539.842	5.91111
540.334	5.77778
540.824	6.04444
541.316	5.86667
541.806	5.95556
542.298	5.82222
542.787	5.55556
543.279	5.77778
543.769	6.08889
544.259	5.86667
544.75	6.13333
545.24	5.68889
545.732	6
546.221	6
546.713	5.91111
547.202	5.95556
547.692	6.22222
548.184	5.95555
548.673	6
549.164	5.55556
549.654	5.86667
550.143	5.6
550.635	5.82222
551.124	6.35556
551.613	5.64444
552.105	5.77778
552.594	5.86667
553.083	5.86667
553.574	6.22222
554.064	6.08889
554.553	6
555.044	5.82222
555.533	6
556.022	6.17778
556.513	5.73333
557.002	5.55556
557.491	6.04445
557.982	6.17778
558.471	6.08889
558.96	5.86667
559.449	6.35556
559.94	6.13333
560.429	5.95556
560.918	5.86667
561.406	6.13333
561.897	5.77778
562.386	6.04444
562.875	5.95556
563.363	6
563.852	6.17778
564.343	6.13333
564.831	6.35556
565.32	5.95556
565.809	6.26667
566.297	5.77778
566.788	5.68889
567.276	5.95556
567.765	6.22222
568.253	5.95556
568.741	6.31111
569.23	5.46667
569.718	6
570.208	6.31111
570.697	5.91111
571.185	6.22222
571.673	5.91111
572.161	6
572.65	5.91111
573.138	6.17778
573.626	6.22222
574.114	6.08889
574.604	5.91111
575.092	5.91111
575.58	5.86667
576.068	5.86667
576.556	6.08889
577.044	5.64444
577.532	5.91111
578.02	6.17778
578.508	5.55556
578.996	5.68889
579.484	6.04444
579.971	6.44444
580.459	6.04444
580.947	5.73333
581.435	6.08889
581.922	6.04444
582.41	5.73333
582.898	5.95556
583.385	5.6
583.873	6.04444
584.361	5.77778
584.848	5.82222
585.336	6.17778
585.823	6.08889
586.311	6
586.798	5.82222
587.285	6.22222
587.771	5.95556
588.258	5.77778
588.745	6.04444
589.233	6.17778
589.72	6.13333
590.207	6
590.695	5.73333
591.182	5.73333
591.669	5.73333
592.156	5.82222
592.641	5.77778
593.128	5.95556
593.615	5.64444
594.102	5.77778
594.589	6.26667
595.076	5.64444
595.561	5.77778
596.048	5.77778
596.535	5.91111
597.022	5.73333
597.509	6.13333
597.994	5.68889
598.481	6.35556
598.967	5.46667
599.454	6.13333
599.941	5.82222
600.425	6.08889
600.912	5.55556
601.399	5.95556
601.885	5.77778
602.37	5.6
602.857	5.33333
603.343	5.77778
603.83	5.95556
604.314	5.73333
