242.052	8.44444
242.569	8.57778
243.083	7.77778
243.599	8.35556
244.114	8.4
244.63	8.17778
245.147	8.26667
245.661	8.35556
246.177	8.22222
246.691	7.86667
247.208	7.82222
247.722	7.82222
248.238	7.86667
248.754	7.6
249.268	7.86667
249.785	8.26667
250.299	8.22222
250.815	8.75556
251.329	7.73333
251.845	8.66667
252.359	8.66667
252.874	8.26667
253.388	8.66667
253.904	8.62222
254.418	8.53333
254.934	8.57778
255.448	9.06667
255.961	9.06667
256.477	9.24444
256.991	9.06667
257.506	8.66667
258.02	8.71111
258.536	8.8
259.049	8.66667
259.565	9.37778
260.078	8.75556
260.592	9.37778
261.107	9.91111
261.621	9.6
262.136	10.0444
262.649	9.28889
263.163	10.1778
263.678	10
264.191	10.2222
264.707	10.3111
265.22	10.8
265.733	10.4444
266.248	10.9778
266.761	11.2444
267.274	11.6444
267.79	11.3778
268.303	11.6444
268.816	11.7333
269.331	12.0889
269.844	11.9111
270.356	11.8222
270.871	11.6
271.384	11.6889
271.897	10.9333
272.412	11.4222
272.925	11.1556
273.438	11.2444
273.95	10.9778
274.465	11.7778
274.978	11.4222
275.49	11.7333
276.005	11.4667
276.517	11.9556
277.03	11.8222
277.543	12.4
278.057	11.9111
278.57	12.1333
279.082	12.2222
279.594	11.7778
280.107	11.8222
280.621	11.4222
281.133	11.6
281.646	10.8889
282.158	10.7556
282.67	11.4667
283.184	11.4667
283.697	10.8
284.209	10.6667
284.721	11.1111
285.233	10.7556
285.745	9.91111
286.259	10.7111
286.771	9.37778
287.283	9.42222
287.795	9.64444
288.307	9.46667
288.819	9.42222
289.331	8.93333
289.845	8.93333
290.356	9.24444
290.868	8.8
291.38	9.15555
291.892	8.75556
292.403	8.57778
292.915	8.44444
293.427	8.13333
293.938	8.22222
294.45	8.04445
294.963	7.91111
295.475	8.17778
295.986	8.08889
296.498	7.51111
297.009	7.77778
297.521	7.42222
298.032	7.33333
298.543	7.51111
299.055	7.64444
299.566	6.8
300.077	7.06667
300.589	7.55556
301.1	6.97778
301.611	7.24444
302.122	7.02222
302.633	7.46667
303.144	6.93333
303.655	7.11111
304.166	7.24444
304.677	7.11111
305.188	7.2
305.699	7.11111
306.21	6.84444
306.721	6.93333
307.232	6.84444
307.743	6.13333
308.251	6.35556
308.762	6.17778
309.273	5.91111
309.784	6.26667
310.294	6.13333
310.805	5.91111
311.316	5.91111
311.826	6
312.337	6
312.848	6.08889
313.356	5.6
313.866	6.08889
314.377	5.68889
314.887	5.77778
315.398	5.73333
315.908	5.86667
316.419	5.95556
316.927	5.86667
317.437	6.08889
317.947	5.73333
318.458	5.86667
318.968	5.82222
319.478	5.73333
319.986	6
320.496	5.82222
321.006	5.73333
321.516	6.04444
322.026	6.31111
322.534	6.08889
323.044	6.04444
323.554	5.77778
324.064	6.26667
324.572	5.82222
325.082	6.35556
325.592	6.22222
326.102	5.95556
326.609	6
327.119	5.91111
327.629	6.13333
328.139	6.04444
328.646	6.48889
329.156	6.31111
329.665	6.04444
330.175	6.22222
330.682	6
331.192	6.08889
331.702	6.17778
332.209	5.95556
332.718	6.13333
333.228	6.35556
333.735	6.22222
334.245	6.13333
334.754	6.31111
335.261	6.44444
335.77	6.48889
336.28	6.66667
336.787	6.66667
337.296	6.66667
337.803	6.62222
338.312	6.53333
338.821	6.62222
339.328	6.88889
339.837	6.62222
340.344	6.35556
340.853	6.57778
341.362	6.22222
341.869	6.48889
342.378	6.44444
342.885	6.35556
343.394	6.44444
343.903	6.57778
344.409	6.35556
344.918	6.44444
345.425	6.66667
345.934	6.57778
346.44	6.62222
346.949	6.48889
347.456	6.44444
347.964	6.84444
348.471	6.4
348.979	6.44444
349.486	6.57778
349.994	6.35556
350.501	6.84444
351.009	6.8
351.515	6.4
352.024	6.53333
352.53	6.75556
353.038	6.62222
353.545	6.88889
354.053	6.71111
354.559	6.88889
355.067	7.2
355.573	6.62222
356.079	6.71111
356.588	6.88889
357.094	6.71111
357.602	6.93333
358.108	6.8
358.616	7.2
359.122	6.97778
359.628	7.02222
360.135	7.51111
360.641	7.55556
361.147	6.97778
361.655	7.2
362.161	7.28889
362.669	7.06667
363.174	7.24444
363.68	7.37778
364.188	7.73333
364.693	7.68889
365.199	7.55556
365.707	7.51111
366.212	6.97778
366.718	7.42222
367.225	6.88889
367.731	6.53333
368.236	6.8
368.743	6.22222
369.249	6.4
369.754	6.04445
370.26	6.26667
370.767	6.13333
371.272	5.77778
371.777	5.64444
372.283	5.86667
372.79	5.95556
373.295	5.68889
373.8	5.33333
374.305	5.73333
374.812	5.95556
375.317	5.37778
375.822	6
376.327	5.42222
376.834	5.64444
377.339	6.04444
377.844	5.51111
378.349	5.95556
378.854	6.13333
379.361	6.04444
379.866	6.04444
380.37	6.04444
380.875	5.73333
381.38	5.64444
381.884	5.51111
382.391	6.26667
382.896	6.04444
383.4	5.82222
383.905	5.73333
384.409	5.68889
384.914	5.33333
385.418	5.68889
385.925	5.82222
386.429	6.13333
386.934	6
387.438	5.91111
387.943	5.73333
388.447	5.91111
388.951	6.13333
389.455	6.26667
389.96	5.95556
390.464	5.86667
390.968	6.31111
391.472	5.86667
391.978	5.86667
392.482	5.86667
392.987	5.68889
393.491	6.08889
393.995	5.64444
394.499	6
395.003	6.13333
395.506	6.22222
396.01	5.95556
396.514	6.04444
397.018	6.04444
397.522	5.73333
398.026	6.04444
398.529	5.91111
399.033	5.86667
399.537	6.08889
400.041	5.86667
400.544	6.04444
401.048	5.95556
401.549	5.95556
402.053	5.77778
402.557	6.17778
403.06	6.08889
403.564	6.17778
404.067	5.86667
404.57	6.22222
405.074	6.04444
405.577	6.04444
406.081	6.35556
406.584	6.26667
407.087	6.48889
407.588	6.17778
408.092	6.04445
408.595	5.95556
409.098	6
409.601	6.22222
410.104	6.31111
410.607	6.35556
411.111	6.13333
411.612	6.22222
412.115	6.4
412.618	6.35556
413.12	6.53333
413.623	6.13333
414.124	6.57778
414.627	6.17778
415.13	6.66667
415.633	6.62222
416.136	6.53333
416.636	6.93333
417.139	6.66667
417.642	6.84444
418.145	6.88889
418.647	7.42222
419.148	7.24444
419.65	7.28889
420.153	7.37778
420.656	7.33333
421.156	7.6
421.658	7.77778
422.161	7.6
422.663	7.42222
423.164	8.17778
423.666	8.04445
424.168	8.26667
424.669	8.62222
425.171	8.97778
425.673	9.15556
426.174	9.42222
426.676	9.15555
427.178	9.33333
427.678	10.1778
428.18	9.86667
428.682	10.1778
429.182	10.4889
429.684	9.91111
430.186	10.6667
430.686	10.1333
431.188	10.2667
431.69	10.0889
432.19	9.37778
432.692	9.82222
433.192	9.51111
433.694	9.15556
434.196	8.97778
434.695	8.53333
435.197	8.8
435.697	8.31111
436.198	8.22222
436.7	7.91111
437.2	7.24444
437.701	7.55556
438.201	7.6
438.702	7.33333
439.202	7.28889
439.703	7.46667
440.203	7.86667
440.704	7.68889
441.204	7.77778
441.705	7.82222
442.204	8.35556
442.706	8.08889
443.205	8.48889
443.706	8.4
444.206	8.22222
444.707	8.22222
445.206	8.13333
445.707	8.13333
446.206	8.4
446.707	8.53333
447.206	8.31111
447.707	8.22222
448.206	8.44444
448.707	8.66667
449.206	8.57778
449.705	8.8
450.206	9.11111
450.705	9.06667
451.206	9.82222
451.705	10.0444
452.204	10.2222
452.704	10.3111
453.203	10.6222
453.704	10.6667
454.203	11.0222
454.701	10.9333
455.202	10.5333
455.7	10.2667
456.199	11.0667
456.7	10.6222
457.198	10.8889
457.699	10.3556
458.197	10.3111
458.695	9.91111
459.196	9.33333
459.694	8.71111
460.193	8.57778
460.691	7.86667
461.191	7.33333
461.69	7.55556
462.188	6.75556
462.688	7.28889
463.186	7.11111
463.684	7.02222
464.182	7.42222
464.683	7.02222
465.181	6.97778
465.679	7.2
466.177	7.28889
466.677	7.33333
467.175	7.28889
467.673	7.11111
468.171	7.02222
468.671	7.24444
469.168	6.88889
469.666	7.11111
470.164	7.2
470.662	7.42222
471.162	7.37778
471.659	7.37778
472.157	7.55556
472.655	7.42222
473.152	8.31111
473.652	8.35556
474.15	8.84445
474.647	9.11111
475.145	9.86667
475.642	10.6222
476.14	10.8
476.637	11.0667
477.134	10.4889
477.634	9.24444
478.131	8.31111
478.629	6.75556
479.126	6.22222
479.623	5.91111
480.12	5.51111
480.618	4.97778
481.115	4.75556
481.612	5.15556
482.109	4.84444
482.608	4.44444
483.105	4.53333
483.603	4.88889
484.1	4.8
484.597	4.4
485.094	4.8
485.591	4.31111
486.087	4.84444
486.584	4.44444
487.081	4.26667
487.578	4.53333
488.075	4.48889
488.572	4.26667
489.069	4.62222
489.565	4.17778
490.062	4.57778
490.559	4.48889
491.055	4.57778
491.552	4.53333
492.049	4.4
492.545	4.53333
493.042	4.88889
493.538	4.53333
494.033	4.44444
494.529	4.75556
495.026	4.66667
495.522	4.35556
496.018	4.35556
496.515	4.17778
497.011	4.44444
497.508	4.22222
498.004	4.35556
498.5	4.4
498.996	4.44444
499.49	4.35556
499.987	4.44444
500.483	4.44444
500.979	4.31111
501.475	4.35556
501.971	4.48889
502.467	4.22222
502.961	4.4
503.457	4.08889
503.953	3.95556
504.449	4.26667
504.945	4.04444
505.439	4.17778
505.935	4.35556
506.43	4.17778
506.926	4.22222
507.422	4.48889
507.916	4.17778
508.411	4.08889
508.907	4.31111
509.403	4.26667
509.898	4.4
510.392	4.48889
510.888	4.35556
511.383	4.4
511.877	4.22222
512.372	4.26667
512.868	4.31111
513.363	4.35556
513.857	4.13333
514.352	3.95556
514.847	3.77778
515.341	4.08889
515.836	4
516.331	4.35556
516.826	3.91111
517.32	4
517.815	4.08889
518.31	4.04444
518.803	3.91111
519.298	4.04444
519.793	3.82222
520.286	3.86667
520.782	4
521.275	3.82222
521.77	3.91111
522.265	4.08889
522.757	3.91111
523.252	4.26667
523.745	3.95556
524.24	3.91111
524.735	4.31111
525.228	3.64444
525.722	3.95556
526.215	3.77778
526.71	3.95556
527.205	3.6
527.697	3.82222
528.192	4
528.685	3.91111
529.179	3.68889
529.672	3.91111
530.166	3.86667
530.659	3.6
531.153	4.13333
531.646	3.6
532.14	3.82222
532.632	4
533.127	4.04444
533.619	3.51111
534.113	3.77778
534.606	3.86667
535.1	3.91111
535.592	3.73333
536.086	4.22222
536.579	3.86667
537.073	3.95556
537.565	3.68889
538.059	3.95556
538.551	3.77778
539.043	3.91111
539.537	3.64444
540.029	3.86667
540.523	3.64444
541.015	3.68889
541.507	4.04444
542.001	3.82222
542.493	3.68889
542.987	3.64444
543.478	3.64444
543.97	4.08889
544.464	3.77778
544.956	3.51111
545.447	3.64444
545.941	3.82222
546.433	3.77778
546.924	4.08889
547.418	4
547.909	3.86667
548.401	4.04445
548.894	3.91111
549.386	3.51111
549.877	3.95556
550.371	3.55556
550.862	3.68889
551.354	4
551.847	4.26667
552.338	3.55556
552.829	3.95556
553.321	3.77778
553.814	3.51111
554.305	3.77778
554.796	4.04444
555.288	4
555.781	3.95556
556.272	3.82222
556.763	3.64444
557.254	4
557.747	3.55556
558.238	4.04444
558.729	3.86667
559.22	3.82222
559.711	3.68889
560.202	3.95556
560.695	3.73333
561.185	4.04444
561.676	4.08889
562.167	3.82222
562.658	3.73333
563.148	3.82222
563.641	4.44444
564.132	4.08889
564.623	3.73333
565.113	4.04444
565.604	4.08889
566.094	3.68889
566.585	4
567.077	3.73333
567.568	3.91111
568.058	3.55556
568.549	3.77778
569.039	4.53333
569.53	4.04444
570.02	3.77778
570.51	4.08889
571.001	3.86667
571.491	4.08889
571.981	4.04444
572.471	4
572.962	4
573.452	3.95556
573.942	3.82222
574.432	3.82222
574.922	4.08889
575.412	3.82222
575.902	3.86667
576.392	3.86667
576.882	4.04444
577.372	3.6
577.862	3.86667
578.352	3.86667
578.842	3.86667
579.332	4.08889
579.822	3.82222
580.312	4
580.801	3.77778
581.291	3.95556
581.781	3.82222
582.27	3.91111
582.76	4.04444
583.25	4
583.739	4.04444
584.229	4.26667
584.719	3.68889
585.206	3.73333
585.696	3.91111
586.185	3.82222
586.675	4
587.164	3.73333
587.653	4.08889
588.143	3.91111
588.632	4
589.12	3.82222
589.609	4.04444
590.098	4
590.587	3.73333
591.077	3.91111
591.566	4.04444
592.053	4
592.542	3.64444
593.031	3.55556
593.52	3.68889
594.009	4
594.496	3.91111
594.985	4.08889
595.474	3.86667
595.963	3.82222
596.452	3.82222
596.939	3.91111
597.428	3.86667
597.917	4.26667
598.406	3.91111
598.893	3.91111
599.381	3.55556
599.87	4.08889
600.357	3.68889
600.846	3.73333
601.334	3.68889
601.823	3.73333
602.309	3.68889
602.798	4.26667
603.287	3.64444
603.773	4
604.262	3.86667
604.75	3.77778
605.237	4.08889
605.725	3.82222
606.214	3.86667
606.7	3.91111
607.188	3.37778
607.677	4
608.163	3.95556
608.651	4.4
609.137	3.86667
609.626	3.46667
610.114	3.51111
610.6	3.82222
611.088	4.13333
611.574	4.04444
612.062	3.64444
612.55	3.77778
613.036	3.46667
613.524	3.77778
614.01	3.55556
614.498	3.73333
614.984	3.86667
615.472	3.55556
615.958	3.86667
616.446	3.77778
616.934	3.86667
617.42	3.95556
617.907	3.55556
618.393	3.73333
618.881	3.46667
619.367	3.73333
619.854	3.95556
620.34	3.6
620.828	3.6
621.313	3.73333
621.799	4.08889
622.286	4.13333
622.772	3.77778
623.259	3.86667
623.745	3.51111
624.232	3.73333
624.718	3.6
625.205	3.77778
625.69	3.82222
626.176	3.51111
626.663	4
627.148	3.73333
627.635	3.64444
628.121	4.22222
628.606	3.68889
629.093	3.55556
629.578	3.95556
630.065	3.77778
630.551	3.64444
631.036	4.22222
631.523	3.73333
632.008	3.68889
632.493	3.91111
632.98	3.86667
633.465	4.04444
633.949	3.82222
634.436	3.77778
634.921	3.73333
635.406	3.91111
635.893	3.95556
636.378	3.95556
636.862	3.82222
637.347	3.37778
637.834	3.68889
638.319	3.73333
638.803	3.73333
639.288	4.17778
639.774	3.68889
640.259	3.64444
640.744	3.73333
641.228	3.95556
641.715	4.13333
642.199	3.64444
642.684	3.73333
643.168	3.51111
643.654	4.08889
644.139	3.6
644.623	3.64444
645.107	3.68889
645.592	3.37778
646.078	3.68889
646.562	3.68889
647.046	3.95556
647.531	3.86667
648.015	3.91111
648.499	3.82222
648.983	3.82222
649.469	3.86667
649.953	3.91111
650.437	3.77778
650.921	3.91111
651.405	3.86667
651.889	3.91111
652.373	3.64444
652.857	4.13333
653.343	4
653.827	3.95556
654.311	3.86667
654.794	3.86667
655.278	4.26667
655.762	3.68889
656.246	3.91111
656.729	3.91111
657.213	4.04444
657.697	3.73333
658.18	4.04444
658.664	3.95556
659.147	3.91111
659.631	4.22222
660.115	3.82222
660.598	3.46667
661.081	3.6
661.565	3.68889
662.048	3.64444
662.532	3.68889
663.015	3.46667
663.498	4.13333
663.982	3.91111
664.465	4.08889
664.948	3.24444
665.432	3.77778
665.915	3.68889
666.398	4.17778
666.881	3.77778
667.364	3.64444
667.847	3.82222
668.33	3.95556
668.811	3.46667
669.294	3.95556
669.777	3.95556
670.26	4
670.743	4.13333
671.226	3.86667
671.709	3.82222
672.192	3.95556
672.673	3.95556
673.156	3.37778
673.639	3.86667
674.121	3.68889
674.604	3.77778
675.087	3.91111
675.567	3.77778
676.05	3.64444
676.533	3.68889
677.015	4.04444
677.498	3.6
677.981	3.64444
678.461	3.82222
678.944	3.73333
679.426	3.86667
679.909	3.73333
680.389	3.55556
680.871	3.64444
681.354	3.91111
681.836	3.82222
682.316	3.68889
682.799	3.77778
683.281	3.95556
683.763	3.51111
684.244	3.55556
684.726	3.68889
685.208	3.77778
685.688	3.82222
686.17	3.73333
686.652	3.73333
687.134	4.08889
687.614	3.82222
688.096	3.64444
688.578	3.73333
689.058	3.77778
689.54	3.73333
690.022	3.91111
690.502	3.33333
690.984	3.6
691.464	3.82222
691.946	3.82222
692.428	4
692.907	3.46667
693.389	3.82222
693.871	3.91111
694.35	3.68889
694.832	4
695.312	3.55556
695.793	3.37778
696.273	3.51111
696.755	3.51111
697.236	3.73333
697.716	3.46667
698.197	3.64444
698.677	3.73333
699.158	3.6
699.637	3.73333
700.119	3.55556
700.598	3.64444
701.08	3.73333
701.559	3.73333
702.04	3.46667
702.519	3.68889
703.001	3.42222
703.48	3.42222
703.961	3.64444
704.44	3.73333
704.921	3.86667
705.4	3.55556
705.881	3.37778
706.361	3.51111
706.842	3.77778
707.321	3.64444
707.8	3.55556
708.281	3.33333
708.759	3.64444
709.24	3.46667
709.719	3.82222
710.2	3.64444
710.679	3.68889
711.158	3.46667
711.638	3.6
712.117	3.91111
712.596	3.6
713.077	3.55556
713.555	3.73333
714.036	3.64444
714.515	3.33333
714.993	3.86667
715.474	3.46667
715.952	4.04444
716.431	3.55556
716.911	3.28889
717.39	3.15556
717.868	3.64444
718.347	3.28889
718.827	3.51111
719.305	3.6
719.784	3.55556
720.264	3.86667
720.742	3.6
721.221	3.51111
721.699	3.6
722.179	3.6
722.657	3.51111
723.135	3.51111
723.614	3.55556
724.094	3.46667
724.572	3.46667
725.05	3.64444
725.528	3.77778
726.008	3.82222
726.486	3.46667
726.964	3.28889
727.442	3.77778
727.92	3.82222
728.398	3.55556
728.878	3.68889
729.355	3.77778
729.833	3.77778
730.311	3.55556
730.789	3.82222
731.266	3.51111
731.746	3.46667
732.224	3.46667
732.702	3.68889
733.179	3.51111
733.657	3.68889
734.134	3.6
734.612	3.73333
735.089	3.33333
735.567	3.33333
736.046	3.68889
736.524	3.6
737.001	3.24444
737.479	3.64444
737.956	3.37778
738.434	3.46667
738.911	3.64444
739.388	3.6
739.865	3.64444
740.343	3.68889
740.82	3.46667
741.297	3.46667
741.774	3.2
742.251	3.82222
742.729	3.86667
743.206	3.6
743.683	3.55556
744.16	3.77778
744.637	3.55556
745.114	3.64444
745.591	3.73333
746.068	3.73333
746.545	3.42222
747.022	3.28889
747.499	3.46667
747.975	3.55556
748.452	3.64444
748.929	3.55556
749.404	3.64444
