86.938	0.4
87.4632	0.577778
87.9905	0.577778
88.5157	0.622222
89.0408	0.577778
89.5681	0.711111
90.0931	0.311111
90.6182	0.711111
91.1453	0.844444
91.6703	0.711111
92.1953	0.844444
92.7223	0.488889
93.2472	0.666667
93.7721	0.666667
94.2991	0.666667
94.8239	0.8
95.3486	0.888889
95.8734	0.444444
96.4003	0.8
96.9249	0.711111
97.4496	0.533333
97.9764	0.8
98.501	0.666667
99.0255	0.8
99.5501	0.8
100.077	0.844444
100.601	0.622222
101.126	0.755556
101.65	0.844444
102.174	0.933333
102.701	0.888889
103.225	0.711111
103.75	1.06667
104.274	1.15556
104.798	0.933333
105.324	1.2
105.849	1.24444
106.373	1.33333
106.897	1.28889
107.421	1.68889
107.947	1.28889
108.471	1.15556
108.995	1.42222
109.519	1.2
110.043	1.37778
110.567	1.02222
111.091	1.33333
111.617	1.37778
112.141	1.42222
112.665	1.24444
113.188	1.51111
113.712	1.37778
114.236	1.68889
114.76	1.64444
115.283	1.24444
115.807	1.77778
116.331	1.82222
116.856	1.51111
117.38	1.33333
117.903	1.42222
118.427	1.33333
118.95	1.6
119.474	1.42222
119.997	1.42222
120.52	1.68889
121.044	1.77778
121.567	1.73333
122.09	2.04444
122.614	1.68889
123.137	1.95556
123.66	2
124.183	1.73333
124.706	1.68889
125.229	1.6
125.752	1.82222
126.275	1.51111
126.798	2.04444
127.321	1.82222
127.844	1.95556
128.367	1.91111
128.89	1.91111
129.413	1.77778
129.936	1.82222
130.459	2.22222
130.982	2
131.504	1.91111
132.025	2
132.548	1.86667
133.07	2.31111
133.593	2.13333
134.115	2.08889
134.638	2.4
135.161	2.44444
135.683	2.4
136.206	2.44444
136.728	2.62222
137.248	2.8
137.771	2.53333
138.293	2.88889
138.815	3.55556
139.338	3.24444
139.86	3.42222
140.382	3.42222
140.902	3.64444
141.425	3.6
141.947	3.82222
142.469	4.4
142.991	3.82222
143.513	4.57778
144.033	4.4
144.555	4.22222
145.077	4.48889
145.599	4.97778
146.121	5.11111
146.641	5.46667
147.163	5.91111
147.684	5.82222
148.206	5.82222
148.726	5.91111
149.248	6.22222
149.769	6.22222
150.291	6.48889
150.811	6.57778
151.332	7.15556
151.854	7.28889
152.375	7.28889
152.895	7.02222
153.416	7.51111
153.938	7.68889
154.457	7.82222
154.979	8.17778
155.5	8
156.019	8.4
156.541	7.64444
157.062	7.55556
157.581	7.64444
158.102	7.68889
158.624	7.55556
159.143	7.68889
159.664	7.73333
160.185	7.64444
160.704	7.46667
161.225	8
161.746	7.51111
162.265	7.51111
162.786	7.64444
163.307	7.64444
163.826	7.24444
164.347	7.68889
164.866	7.46667
165.386	7.77778
165.907	7.46667
166.426	7.68889
166.947	7.46667
167.465	7.82222
167.986	7.42222
168.505	7.6
169.025	7.2
169.544	7.6
170.064	7.51111
170.585	7.77778
171.103	7.82222
171.624	7.73333
172.142	7.51111
172.663	7.68889
173.181	7.28889
173.701	7.37778
174.22	7.6
174.74	7.82222
175.258	7.64444
175.778	8
176.296	7.28889
176.817	7.42222
177.335	7.95556
177.855	7.64444
178.373	7.82222
178.891	8.04445
179.411	7.64444
179.929	8.13333
180.449	7.68889
180.967	8.4
181.487	8.62222
182.005	8.4
182.524	8.35556
183.042	8.71111
183.56	8.93333
184.08	9.02222
184.597	9.11111
185.117	9.33333
185.635	10.2667
186.152	9.82222
186.672	10.7111
187.189	10.4889
187.707	10.7111
188.227	11.9556
188.744	12.1333
189.264	12.6667
189.781	13.2444
190.298	13.8667
190.818	14.7111
191.335	15.6444
191.852	16.0889
192.372	16.8889
192.889	17.7778
193.406	18.8
193.923	20.3556
194.442	21.2444
194.959	22.1778
195.476	23.0222
195.996	24.4
196.513	25.4222
197.03	26.0889
197.547	27.1556
198.066	27.5111
198.582	27.8222
199.099	26.7111
199.616	27.4667
200.135	27.1556
200.652	26.7556
201.169	25.7778
201.685	25.3778
202.204	24.9778
202.721	24.8
203.237	23.5111
203.754	22.9778
204.271	21.8222
204.789	21.5111
205.306	21.1111
205.822	20.8444
206.339	20.6222
206.855	20.1333
207.371	19.7333
207.89	19.9556
208.406	19.8667
208.923	19.4667
209.439	19.6444
209.955	19.6889
210.471	20.5778
210.988	21.2
211.506	21.3333
212.022	22.0444
212.538	22.8889
213.054	23.9111
213.57	25.2889
214.086	27.1556
214.602	30
215.118	32.7111
215.634	35.3778
216.15	38.4444
216.668	39.6
217.184	40.5333
217.7	41.2
218.216	39.3778
218.731	36.6222
219.247	34.3111
219.763	30.4889
220.278	28.2222
220.794	25.2889
221.31	23.4667
221.825	22.6222
222.341	20.7111
222.856	19.7333
223.372	19.1556
223.887	17.8667
224.403	17.6
224.918	17.3333
225.434	16.8889
225.949	16.7556
226.464	16.5333
226.98	16.4
227.495	16.4444
228.01	16.0444
228.525	16.4444
229.041	16.7556
229.556	16.3111
230.069	16.6222
230.584	16.0444
231.099	15.7778
231.614	15.2889
232.129	15.8222
232.644	15.2
233.159	15.2889
233.674	14.4
234.189	14.4444
234.704	13.8222
235.219	13.0222
235.731	13.0667
236.246	12.6667
236.761	12.5778
237.276	13.0667
237.79	12.4444
238.305	12.8444
238.818	12.3556
239.332	12.8
239.847	11.9556
240.361	11.9111
240.876	11.2444
241.391	11.6
241.903	11.7778
242.417	11.7778
242.932	11.5556
243.446	11.6
243.961	11.8222
244.473	11.4667
244.987	12.0889
245.501	12.4444
246.016	12.4
246.528	12.5333
247.042	13.2444
247.556	13.4222
248.07	14.3556
248.582	15.1556
249.096	15.6444
249.61	16.7556
250.124	18.9778
250.636	20.5778
251.15	23.2
251.664	25.8667
252.176	29.8667
252.69	34.5333
253.204	39.0222
253.718	45.1111
254.229	49.5111
254.743	51.9556
255.257	54.3111
255.768	54.1778
256.282	52.3556
256.796	49.4667
257.307	47.0667
257.821	43.9111
258.332	40.8444
258.846	38.0444
259.359	35.2889
259.871	32.5333
260.384	30.8889
260.898	29.4667
261.409	27.6444
261.922	26.1778
262.434	25.2444
262.947	23.0222
263.46	22.3556
263.971	21.1111
264.485	20.3556
264.996	18.8
265.509	18.5778
266.02	17.7333
266.533	17.2889
267.044	16.6222
267.557	16
268.07	15.3333
268.581	14.9778
269.094	13.7333
269.605	13.6444
270.118	13.1111
270.629	13.3333
271.141	12.9778
271.652	12.0444
272.165	11.8222
272.676	11.7333
273.188	11.2
273.699	10.9333
274.212	10.3556
274.722	10.4444
275.233	10
275.745	9.68889
276.256	10
276.769	9.37778
277.279	9.82222
277.791	9.24444
278.302	9.6
278.814	9.6
279.325	9.51111
279.835	9.2
280.347	9.02222
280.857	8.75555
281.37	8.71111
281.88	8.57778
282.39	8.4
282.902	8.75556
283.412	7.77778
283.922	8.31111
284.435	8.75556
284.945	8.17778
285.455	7.73333
285.967	7.95555
286.477	7.6
286.988	7.64444
287.498	7.6
288.008	7.37778
288.518	7.51111
289.03	7.33333
289.54	6.93333
290.049	7.6
290.561	7.55556
291.071	7.06667
291.58	6.71111
292.092	7.11111
292.602	6.88889
293.111	6.71111
293.621	6.48889
294.132	6.48889
294.642	6.66667
295.151	6.22222
295.661	6.57778
296.172	6.71111
296.682	6.57778
297.191	6.08889
297.7	6.08889
298.209	6.08889
298.721	6.22222
299.23	6.31111
299.739	6.22222
300.248	6.08889
300.758	6.04444
301.269	6
301.778	5.95556
302.287	6.48889
302.796	6.22222
303.305	5.95556
303.814	6.13333
304.325	5.86667
304.834	5.95556
305.343	6.04444
305.852	6.26667
306.36	6
306.869	6.13333
307.378	5.91111
307.889	5.42222
308.397	5.77778
308.906	5.68889
309.415	5.42222
309.923	6
310.432	5.46667
310.941	5.55556
311.449	5.15556
311.958	5.51111
312.466	5.24444
312.975	5.11111
313.483	5.68889
313.991	5.55556
314.5	5.64444
315.01	5.46667
315.519	5.42222
316.027	5.46667
316.535	5.46667
317.043	5.64444
317.552	5.46667
318.06	5.46667
318.568	5.77778
319.076	5.55556
319.584	5.51111
320.092	4.71111
320.6	5.64444
321.106	5.42222
321.614	5.51111
322.122	5.28889
322.63	5.37778
323.138	5.33333
323.646	5.15556
324.154	5.46667
324.662	5.37778
325.169	5.28889
325.677	5.2
326.185	5.28889
326.693	5.42222
327.2	5.46667
327.708	5.28889
328.213	5.15556
328.721	5.55556
329.229	5.15556
329.736	5.02222
330.244	5.33333
330.751	5.11111
331.259	5.51111
331.766	5.28889
332.271	5.37778
332.779	5.33333
333.286	4.97778
333.793	5.51111
334.301	5.15556
334.808	5.42222
335.313	5.46667
335.82	5.42222
336.327	5.42222
336.835	5.15556
337.342	5.55556
337.847	5.73333
338.354	5.55556
338.861	5.42222
339.368	5.33333
339.873	5.46667
340.38	5.51111
340.887	5.6
341.394	5.51111
341.898	5.28889
342.405	5.24444
342.912	5.86667
343.419	5.68889
343.923	4.75556
344.43	5.06667
344.937	5.6
345.444	5.28889
345.948	5.2
346.455	5.15556
346.961	5.46667
347.466	5.77778
347.972	5.06667
348.479	5.15556
348.983	5.28889
349.49	5.24444
349.996	5.28889
350.501	5.42222
351.007	5.68889
351.513	5.6
352.017	5.24444
352.524	5.02222
353.028	5.24444
353.534	5.91111
354.04	5.28889
354.545	5.64444
355.051	5.11111
355.555	5.77778
356.061	5.51111
356.567	5.51111
357.071	5.68889
357.577	5.37778
358.081	5.68889
358.587	5.6
359.091	5.6
359.596	5.82222
360.102	5.2
360.606	5.15556
361.112	5.46667
361.616	5.33333
362.121	5.77778
362.625	5.33333
363.131	5.73333
363.634	5.64444
364.14	5.68889
364.644	6.08889
365.149	5.95556
365.653	5.73333
366.158	5.86667
366.662	5.46667
367.167	5.86667
367.671	5.46667
368.176	5.77778
368.679	5.42222
369.183	5.46667
369.688	5.33333
370.191	5.51111
370.696	5.37778
371.2	5.06667
371.705	5.46667
372.208	5.42222
372.711	5.15556
373.216	5.46667
373.719	5.42222
374.224	5.73333
374.727	5.2
375.23	5.28889
375.735	5.73333
376.238	5.55556
376.741	5.24444
377.246	5.55556
377.749	5.55556
378.252	5.46667
378.757	5.77778
379.259	5.15556
379.762	5.68889
380.267	5.51111
380.77	5.28889
381.272	5.68889
381.777	5.37778
382.279	5.82222
382.782	5.42222
383.287	5.64444
383.789	5.42222
384.292	5.37778
384.794	5.6
385.299	6.04444
385.801	5.77778
386.303	5.6
386.808	5.33333
387.31	5.64444
387.812	5.46667
388.315	5.68889
388.817	5.77778
389.321	5.42222
389.823	5.77778
390.325	5.46667
390.828	5.51111
391.33	5.51111
391.834	5.77778
392.336	5.42222
392.838	5.77778
393.34	5.73333
393.842	5.73333
394.346	5.95556
394.848	5.86667
395.35	5.68889
395.851	5.73333
396.353	5.86667
396.855	5.77778
397.357	5.73333
397.861	5.6
398.362	5.33333
398.864	5.46667
399.366	5.51111
399.867	5.73333
400.369	5.46667
400.87	5.77778
401.372	5.73333
401.873	5.91111
402.375	5.55556
402.878	5.64444
403.38	5.91111
403.881	5.37778
404.383	5.37778
404.884	5.51111
405.385	5.46667
405.887	5.55556
406.388	5.73333
406.889	5.77778
407.39	5.77778
407.892	5.77778
408.393	5.68889
408.894	5.24444
409.395	5.95556
409.896	5.24444
410.397	5.91111
410.898	5.46667
411.399	5.33333
411.9	5.86667
412.401	5.64444
412.902	5.77778
413.403	5.77778
413.904	5.64444
414.405	5.68889
414.905	5.77778
415.406	5.82222
415.905	6
416.406	5.86667
416.906	5.82222
417.407	5.73333
417.908	5.73333
418.408	6
418.909	5.77778
419.409	5.82222
419.91	5.55556
420.41	6.31111
420.909	5.77778
421.409	5.64444
421.91	5.82222
422.41	5.82222
422.91	6.22222
423.411	6.04445
423.909	5.82222
424.409	5.77778
424.91	6.44444
425.41	6.44444
425.91	6.44444
426.41	6.53333
426.908	5.95556
427.408	6.57778
427.909	6.97778
428.409	6.26667
428.909	6.35556
429.407	6.66667
429.907	6.4
430.407	6.53333
430.907	6.62222
431.404	6.48889
431.904	7.02222
432.404	6.84444
432.904	6.57778
433.402	6.71111
433.901	6.17778
434.401	6.22222
434.899	6.13333
435.399	6.04444
435.898	6.13333
436.398	5.82222
436.895	5.95556
437.395	6
437.895	5.95556
438.392	5.73333
438.892	5.68889
439.391	5.82222
439.888	6.04444
440.388	5.91111
440.887	5.77778
441.385	6
441.884	5.95556
442.381	5.91111
442.88	5.51111
443.38	6.4
443.877	5.82222
444.376	5.77778
444.873	6.35556
445.372	5.86667
445.871	5.86667
446.368	5.91111
446.868	5.33333
447.365	5.95556
447.864	5.68889
448.36	6.22222
448.859	5.82222
449.358	5.73333
449.855	6.26667
450.354	6.13333
450.851	6.08889
451.35	6.08889
451.846	6.08889
452.345	6.22222
452.842	6.22222
453.341	6.26667
453.837	6.31111
454.336	6.17778
454.832	6.48889
455.331	6.13333
455.828	6.31111
456.326	6.4
456.823	6.31111
457.321	6.62222
457.818	6.53333
458.314	6.35556
458.812	6.4
459.309	6
459.807	6.26667
460.303	6.26667
460.802	5.68889
461.298	5.68889
461.794	5.64444
462.292	5.15556
462.788	5.6
463.287	5.28889
463.783	5.55556
464.279	5.2
464.777	5.2
465.273	5.42222
465.769	5.2
466.267	5.24444
466.763	5.33333
467.259	5.64444
467.757	5.46667
468.253	5.15556
468.748	5.37778
469.246	5.11111
469.742	5.37778
470.238	4.88889
470.736	5.42222
471.231	5.51111
471.727	5.33333
472.225	5.46667
472.72	5.33333
473.216	5.28889
473.711	5.11111
474.209	5.46667
474.704	5.24444
475.2	5.82222
475.695	5.6
476.193	5.91111
476.688	5.77778
477.184	6.04444
477.679	6.26667
478.176	6
478.672	5.73333
479.167	5.55556
479.662	4.88889
480.157	4.8
480.655	4.84444
481.15	4.66667
481.645	4.53333
482.14	4.57778
482.635	4.4
483.13	4.48889
483.627	4.71111
484.122	4.4
484.617	4.48889
485.112	4.93333
485.607	4.22222
486.102	4.35556
486.597	4.35556
487.092	4.35556
487.588	4.66667
488.083	4.84444
488.578	4.26667
489.073	4.4
489.567	4.71111
490.062	4.62222
490.557	4.48889
491.051	4.84444
491.546	4.53333
492.04	4.57778
492.535	4.57778
493.029	4.53333
493.524	4.66667
494.018	4.08889
494.513	4.31111
495.007	4.75556
495.504	4.62222
495.998	4.4
496.492	4.66667
496.987	4.48889
497.481	4.71111
497.973	4.66667
498.467	4.35556
498.962	4.22222
499.456	4.35556
499.95	4.44444
500.444	4.57778
500.938	4.57778
501.432	4.35556
501.926	4.53333
502.42	4.71111
502.914	4.44444
503.408	4.4
503.902	4.48889
504.396	4.71111
504.89	4.35556
505.384	4.13333
505.878	4.31111
506.369	4.35556
506.863	4.48889
507.357	4.44444
507.85	4.26667
508.344	4.35556
508.838	4
509.331	4.22222
509.823	4.4
510.317	4.13333
510.81	4.13333
511.304	4.53333
511.797	4.53333
512.291	4.35556
512.782	4.04444
513.275	4.17778
513.769	4.04444
514.262	4.57778
514.756	4.44444
515.247	4.44444
515.74	4.35556
516.233	4.22222
516.727	4.48889
517.218	4.26667
517.711	4.13333
518.204	3.91111
518.697	4.31111
519.188	4.48889
519.681	4
520.174	4.17778
520.667	4.04444
521.158	4.4
521.651	4.22222
522.144	4.26667
522.635	4.08889
523.128	4.08889
523.621	3.82222
524.114	4.31111
524.605	4.22222
525.097	3.82222
525.59	4.26667
526.081	3.95556
526.574	4.22222
527.066	4.13333
527.557	3.95556
528.049	4.17778
528.54	4
529.033	3.82222
529.525	4.35556
530.016	4.04444
530.508	3.95556
530.999	4.22222
531.491	4.17778
531.983	3.95556
532.474	4.35556
532.966	3.91111
533.456	4.04444
533.949	4.08889
534.441	3.77778
534.931	3.86667
535.423	4
535.914	3.73333
536.406	3.91111
536.896	3.91111
537.388	4
537.878	4.13333
538.37	4
538.86	3.95556
539.352	3.86667
539.842	4.22222
540.334	3.86667
540.824	4.26667
541.316	3.86667
541.806	3.73333
542.298	4.08889
542.787	4
543.279	3.68889
543.769	3.82222
544.259	4.08889
544.75	4.13333
545.24	3.91111
545.732	4.26667
546.221	3.95556
546.713	4.26667
547.202	4.4
547.692	4.08889
548.184	3.86667
548.673	4
549.164	4.08889
549.654	3.95556
550.143	3.73333
550.635	3.77778
551.124	4.04444
551.613	3.82222
552.105	3.77778
552.594	3.73333
553.083	4.13333
553.574	3.86667
554.064	4
554.553	4
555.044	4
555.533	4.08889
556.022	3.77778
556.513	4.22222
557.002	3.73333
557.491	4.22222
557.982	4.22222
558.471	3.77778
558.96	4
559.449	4.17778
559.94	3.86667
560.429	3.91111
560.918	4.44444
561.406	3.95556
561.897	4.35556
562.386	4.04444
562.875	3.82222
563.363	3.95556
563.852	3.73333
564.343	3.55556
564.831	4.08889
565.32	3.51111
565.809	3.82222
566.297	3.91111
566.788	4.35556
567.276	3.73333
567.765	3.64444
568.253	3.68889
568.741	4.08889
569.23	3.73333
569.718	4
570.208	4
570.697	4.17778
571.185	3.64444
571.673	3.86667
572.161	4
572.65	3.91111
573.138	4.08889
573.626	4
574.114	4.04444
574.604	3.91111
575.092	3.95556
575.58	4
576.068	4.13333
576.556	3.95556
577.044	4.04444
577.532	3.68889
578.02	3.73333
578.508	4.04444
578.996	4
579.484	3.91111
579.971	4.17778
580.459	3.91111
580.947	3.73333
581.435	4.22222
581.922	4.04444
582.41	4.17778
582.898	4.08889
583.385	3.68889
583.873	4.04444
584.361	4.31111
584.848	3.95556
585.336	4.04444
585.823	4.04444
586.311	3.86667
586.798	3.91111
587.285	4.04444
587.771	4.08889
588.258	3.77778
588.745	4
589.233	4.22222
589.72	3.95556
590.207	3.95556
590.695	3.91111
591.182	4.26667
591.669	3.73333
592.156	4
592.641	3.95556
593.128	3.91111
593.615	3.95556
594.102	3.77778
594.589	3.64444
595.076	3.86667
595.561	3.6
596.048	3.73333
596.535	3.73333
597.022	3.86667
597.509	3.77778
597.994	4
598.481	3.64444
598.967	3.95556
599.454	4.26667
599.941	4.04444
600.425	4
600.912	3.77778
601.399	3.64444
601.885	3.77778
602.37	3.55556
602.857	3.82222
603.343	4.08889
603.83	3.95556
604.314	3.77778
