86.938	0.622222
87.4632	0.444444
87.9905	0.488889
88.5157	0.4
89.0408	0.666667
89.5681	0.711111
90.0931	0.622222
90.6182	0.577778
91.1453	0.666667
91.6703	0.533333
92.1953	0.622222
92.7223	0.711111
93.2472	0.355556
93.7721	0.577778
94.2991	0.444444
94.8239	0.711111
95.3486	0.488889
95.8734	0.444444
96.4003	0.577778
96.9249	0.622222
97.4496	0.8
97.9764	0.4
98.501	0.666667
99.0255	1.02222
99.5501	0.666667
100.077	0.711111
100.601	0.844444
101.126	0.844444
101.65	0.844444
102.174	0.8
102.701	0.666667
103.225	0.755556
103.75	0.711111
104.274	1.06667
104.798	0.666667
105.324	1.02222
105.849	1.11111
106.373	1.33333
106.897	1.15556
107.421	1.55556
107.947	1.33333
108.471	1.15556
108.995	1.02222
109.519	1.15556
110.043	1.2
110.567	1.15556
111.091	1.11111
111.617	0.977778
112.141	1.02222
112.665	1.02222
113.188	1.24444
113.712	1.24444
114.236	1.24444
114.76	1.37778
115.283	1.2
115.807	1.46667
116.331	1.28889
116.856	1.46667
117.38	1.55556
117.903	1.51111
118.427	1.37778
118.95	1.28889
119.474	1.24444
119.997	1.28889
120.52	1.33333
121.044	1.42222
121.567	1.24444
122.09	1.37778
122.614	1.91111
123.137	1.91111
123.66	1.86667
124.183	1.6
124.706	1.68889
125.229	1.68889
125.752	1.42222
126.275	1.6
126.798	1.64444
127.321	1.42222
127.844	1.42222
128.367	1.51111
128.89	2.04444
129.413	1.86667
129.936	1.91111
130.459	1.82222
130.982	1.37778
131.504	1.95556
132.025	2.31111
132.548	2
133.07	2.22222
133.593	2.22222
134.115	2.17778
134.638	2.04444
135.161	2.48889
135.683	2.53333
136.206	2.4
136.728	2.48889
137.248	2.93333
137.771	2.8
138.293	3.33333
138.815	4
139.338	4.22222
139.86	4.31111
140.382	4.08889
140.902	4.13333
141.425	4.31111
141.947	4.35556
142.469	4.66667
142.991	4.75556
143.513	4.93333
144.033	4.88889
144.555	5.28889
145.077	5.42222
145.599	5.77778
146.121	6.22222
146.641	6.53333
147.163	7.15556
147.684	6.93333
148.206	7.15556
148.726	7.55555
149.248	7.73333
149.769	7.46667
150.291	8
150.811	8.35556
151.332	8.88889
151.854	8.93333
152.375	9.86667
152.895	9.68889
153.416	10.5778
153.938	10.2667
154.457	10.7556
154.979	11.0222
155.5	10.7111
156.019	9.6
156.541	9.11111
157.062	8.8
157.581	8.62222
158.102	8.4
158.624	8.62222
159.143	8.8
159.664	8
160.185	8.66667
160.704	8.4
161.225	8.13333
161.746	8.75556
162.265	8.84444
162.786	9.2
163.307	9.02222
163.826	9.68889
164.347	9.64444
164.866	9.11111
165.386	8.71111
165.907	8.53333
166.426	8.8
166.947	8.48889
167.465	8.4
167.986	8.53333
168.505	8.4
169.025	7.55556
169.544	8.04444
170.064	7.77778
170.585	8.17778
171.103	7.73333
171.624	7.77778
172.142	7.42222
172.663	7.64444
173.181	6.8
173.701	6.97778
174.22	7.15556
174.74	7.24444
175.258	7.2
175.778	6.57778
176.296	6.66667
176.817	7.02222
177.335	6.35556
177.855	6.26667
178.373	6.08889
178.891	6.22222
179.411	6.04444
179.929	6.04444
180.449	6.04444
180.967	5.95556
181.487	6.17778
182.005	5.64444
182.524	6
183.042	6.08889
183.56	6.22222
184.08	6.26667
184.597	5.91111
185.117	5.6
185.635	6.35556
186.152	6.22222
186.672	6.08889
187.189	6.04444
187.707	6.48889
188.227	6.13333
188.744	6.08889
189.264	6.48889
189.781	6.75556
190.298	6.17778
190.818	6.26667
191.335	6.4
191.852	6.44444
192.372	6.62222
192.889	6.8
193.406	6.84444
193.923	7.02222
194.442	7.15556
194.959	7.24444
195.476	7.11111
195.996	7.68889
196.513	7.02222
197.03	7.91111
197.547	7.73333
198.066	8.26667
198.582	8.44444
199.099	8.44444
199.616	8.84444
200.135	8.93333
200.652	9.6
201.169	9.73333
201.685	10.0444
202.204	10.6222
202.721	11.1556
203.237	11.1111
203.754	12
204.271	12.6222
204.789	13.7778
205.306	14.1333
205.822	15.0667
206.339	16.2667
206.855	16.5333
207.371	18.3111
207.89	19.9111
208.406	20.8
208.923	22.8
209.439	24.2222
209.955	27.0222
210.471	28.9778
210.988	32.2667
211.506	34.5333
212.022	39.7333
212.538	43.6889
213.054	48.9778
213.57	56.2222
214.086	62.8444
214.602	72.2667
215.118	81.2
215.634	90.3555
216.15	99.3333
216.668	104.578
217.184	105.778
217.7	103.6
218.216	97.9111
218.731	89.1556
219.247	78.6222
219.763	69.1111
220.278	61.6444
220.794	54.1333
221.31	48.9778
221.825	43.5111
222.341	40.0889
222.856	37.6
223.372	35.7778
223.887	33.4222
224.403	31.3778
224.918	29.9556
225.434	28.6222
225.949	27.8667
226.464	27.9556
226.98	27.5111
227.495	26.7556
228.01	26.5333
228.525	25.8667
229.041	24.9778
229.556	25.0667
230.069	24.4444
230.584	22.9333
231.099	21.5111
231.614	21.0667
232.129	19.7333
232.644	19.5556
233.159	18.1778
233.674	17.9111
234.189	17.2444
234.704	16.1333
235.219	15.9556
235.731	15.0222
236.246	15.1556
236.761	15.0667
237.276	15.0667
237.79	15.4667
238.305	14.6667
238.818	14.3556
239.332	12.8889
239.847	11.4667
240.361	10.3556
240.876	10.0444
241.391	9.51111
241.903	8.88889
242.417	9.02222
242.932	8.88889
243.446	8.53333
243.961	8.57778
244.473	8
244.987	8.4
245.501	8.31111
246.016	8.13333
246.528	8.22222
247.042	8.08889
247.556	7.91111
248.07	8.35556
248.582	8.44444
249.096	8.35556
249.61	8.4
250.124	8.04444
250.636	8.88889
251.15	8.4
251.664	8.48889
252.176	8.48889
252.69	8.44444
253.204	8.04445
253.718	8.53333
254.229	8.62222
254.743	8.88889
255.257	8.71111
255.768	9.15556
256.282	8.93333
256.796	8.8
257.307	8.84445
257.821	9.51111
258.332	9.37778
258.846	9.42222
259.359	9.28889
259.871	9.11111
260.384	9.11111
260.898	9.82222
261.409	9.82222
261.922	10.3556
262.434	9.33333
262.947	10.2667
263.46	10.1333
263.971	10.5333
264.485	10.5333
264.996	10.4444
265.509	10.6667
266.02	10.8
266.533	11.1111
267.044	11.4667
267.557	11.7778
268.07	11.7333
268.581	11.8667
269.094	12.3556
269.605	12.1333
270.118	12.4
270.629	12.1778
271.141	12.0889
271.652	12.0889
272.165	11.7778
272.676	11.4222
273.188	11.6444
273.699	11.2889
274.212	11.7333
274.722	11.7778
275.233	11.4667
275.745	11.8222
276.256	12.3111
276.769	11.7778
277.279	12.5333
277.791	12.7556
278.302	12.4
278.814	12.6667
279.325	12.1778
279.835	11.7333
280.347	11.7333
280.857	12.1778
281.37	12
281.88	11.4222
282.39	11.4667
282.902	11.6444
283.412	10.5778
283.922	11.1556
284.435	10.8
284.945	10.9333
285.455	9.55556
285.967	10.4889
286.477	9.64444
286.988	10
287.498	10.0889
288.008	9.82222
288.518	9.46667
289.03	9.64445
289.54	8.84444
290.049	9.06667
290.561	9.42222
291.071	8.97778
291.58	9.11111
292.092	8.66667
292.602	8.57778
293.111	8.48889
293.621	8.22222
294.132	8.26667
294.642	8.17778
295.151	7.46667
295.661	7.51111
296.172	7.42222
296.682	7.51111
297.191	7.55556
297.7	7.33333
298.209	7.02222
298.721	7.24444
299.23	6.75556
299.739	6.93333
300.248	6.93333
300.758	7.11111
301.269	7.15556
301.778	6.62222
302.287	6.88889
302.796	6.66667
303.305	7.06667
303.814	6.93333
304.325	6.97778
304.834	6.57778
305.343	6.66667
305.852	6.57778
306.36	6.62222
306.869	6.75556
307.378	5.95556
307.889	6.22222
308.397	5.95556
308.906	5.91111
309.415	5.6
309.923	5.77778
310.432	5.51111
310.941	5.86667
311.449	5.33333
311.958	5.68889
312.466	5.82222
312.975	5.51111
313.483	5.42222
313.991	5.42222
314.5	5.37778
315.01	5.2
315.519	5.91111
316.027	5.2
316.535	5.33333
317.043	5.2
317.552	5.73333
318.06	5.42222
318.568	5.37778
319.076	5.33333
319.584	5.95556
320.092	5.37778
320.6	5.82222
321.106	5.6
321.614	6
322.122	5.64444
322.63	5.86667
323.138	5.82222
323.646	5.46667
324.154	5.51111
324.662	5.77778
325.169	5.68889
325.677	6
326.185	5.77778
326.693	5.6
327.2	5.82222
327.708	5.51111
328.213	6.13333
328.721	5.86667
329.229	5.68889
329.736	6.04444
330.244	5.95556
330.751	5.68889
331.259	6
331.766	5.6
332.271	6.04444
332.779	5.68889
333.286	6.31111
333.793	6.48889
334.301	5.95556
334.808	6.31111
335.313	6.08889
335.82	6.44444
336.327	6.35556
336.835	6.26667
337.342	6.13333
337.847	6
338.354	6.26667
338.861	6.04444
339.368	6.13333
339.873	6.17778
340.38	6.57778
340.887	6.71111
341.394	6.13333
341.898	6.4
342.405	6.44444
342.912	6.8
343.419	6.35556
343.923	6.31111
344.43	6.35556
344.937	6.17778
345.444	5.95556
345.948	6.48889
346.455	6.04444
346.961	6.4
347.466	6.17778
347.972	6.22222
348.479	6.22222
348.983	6.26667
349.49	6.17778
349.996	6.35556
350.501	6.17778
351.007	6
351.513	6.75556
352.017	6.53333
352.524	6.53333
353.028	6.57778
353.534	6.48889
354.04	6.48889
354.545	6.53333
355.051	6.84444
355.555	6.35556
356.061	7.02222
356.567	6.75556
357.071	6.62222
357.577	6.62222
358.081	6.84444
358.587	6.62222
359.091	6.66667
359.596	7.06667
360.102	7.06667
360.606	7.24444
361.112	7.2
361.616	6.93333
362.121	7.15556
362.625	6.84444
363.131	7.55555
363.634	7.37778
364.14	7.37778
364.644	7.55556
365.149	6.8
365.653	7.37778
366.158	7.37778
366.662	6.93333
367.167	7.46667
367.671	6.93333
368.176	6.26667
368.679	6.17778
369.183	6.22222
369.688	6.22222
370.191	5.77778
370.696	5.95556
371.2	5.55556
371.705	5.11111
372.208	5.42222
372.711	5.37778
373.216	5.42222
373.719	5.42222
374.224	5.55556
374.727	5.24444
375.23	5.37778
375.735	5.37778
376.238	5.15556
376.741	5.46667
377.246	5.15556
377.749	5.15556
378.252	5.46667
378.757	5.11111
379.259	5.68889
379.762	5.06667
380.267	5.02222
380.77	5.46667
381.272	5.37778
381.777	5.55556
382.279	5.33333
382.782	5.77778
383.287	5.64444
383.789	5.6
384.292	5.33333
384.794	5.28889
385.299	5.73333
385.801	5.2
386.303	5.11111
386.808	5.46667
387.31	5.06667
387.812	5.73333
388.315	4.93333
388.817	5.2
389.321	5.24444
389.823	5.64444
390.325	5.24444
390.828	5.24444
391.33	5.42222
391.834	4.93333
392.336	5.24444
392.838	5.28889
393.34	5.11111
393.842	5.02222
394.346	5.06667
394.848	5.42222
395.35	5.37778
395.851	5.37778
396.353	5.28889
396.855	5.68889
397.357	5.24444
397.861	5.33333
398.362	5.28889
398.864	5.42222
399.366	5.51111
399.867	5.28889
400.369	5.51111
400.87	5.28889
401.372	5.51111
401.873	5.68889
402.375	5.33333
402.878	5.86667
403.38	5.46667
403.881	5.68889
404.383	5.42222
404.884	5.46667
405.385	5.51111
405.887	5.37778
406.388	5.64444
406.889	5.86667
407.39	5.73333
407.892	5.51111
408.393	5.55556
408.894	5.46667
409.395	5.51111
409.896	5.15556
410.397	5.46667
410.898	6
411.399	5.42222
411.9	6.04444
412.401	5.68889
412.902	5.55556
413.403	6.08889
413.904	5.95556
414.405	6.17778
414.905	5.86667
415.406	6.04444
415.905	6.22222
416.406	6.26667
416.906	6.26667
417.407	6.26667
417.908	6.13333
418.408	6.84444
418.909	6.53333
419.409	6.8
419.91	6.44444
420.41	6.75556
420.909	7.42222
421.409	6.75556
421.91	7.37778
422.41	7.15556
422.91	7.37778
423.411	7.64444
423.909	7.73333
424.409	7.77778
424.91	7.77778
425.41	8.35555
425.91	8.62222
426.41	8.75555
426.908	8.57778
427.408	8.71111
427.909	9.24444
428.409	9.15556
428.909	9.51111
429.407	9.73333
429.907	10
430.407	9.42222
430.907	9.82222
431.404	10
431.904	9.24444
432.404	9.86667
432.904	8.93333
433.402	8.44444
433.901	9.2
434.401	8.35556
434.899	8.35556
435.399	8.26667
435.898	7.86667
436.398	7.46667
436.895	7.15556
437.395	7.02222
437.895	6.97778
438.392	7.42222
438.892	6.88889
439.391	7.11111
439.888	7.2
440.388	7.11111
440.887	7.33333
441.385	7.2
441.884	7.55556
442.381	7.37778
442.88	7.6
443.38	7.86667
443.877	7.51111
444.376	8.04445
444.873	7.73333
445.372	7.86667
445.871	7.82222
446.368	8.13333
446.868	7.73333
447.365	7.77778
447.864	8.35556
448.36	8.08889
448.859	7.73333
449.358	7.68889
449.855	8.31111
450.354	8.48889
450.851	9.15556
451.35	8.93333
451.846	9.28889
452.345	9.95555
452.842	9.68889
453.341	9.86667
453.837	10.1778
454.336	10.0444
454.832	10.0444
455.331	9.95555
455.828	10.2667
456.326	9.73333
456.823	10.4
457.321	9.82222
457.818	9.64444
458.314	9.15556
458.812	9.37778
459.309	8.8
459.807	7.91111
460.303	7.46667
460.802	6.44444
461.298	6.66667
461.794	6.4
462.292	6
462.788	6.04444
463.287	6.35556
463.783	6.17778
464.279	6.75556
464.777	6.57778
465.273	6.13333
465.769	6
466.267	6.04444
466.763	6.71111
467.259	6.48889
467.757	6.53333
468.253	6.31111
468.748	6.35556
469.246	6.53333
469.742	6.53333
470.238	6.62222
470.736	6.17778
471.231	6.57778
471.727	6.84444
472.225	7.11111
472.72	7.33333
473.216	7.37778
473.711	7.6
474.209	8.31111
474.704	8.66667
475.2	9.28889
475.695	9.46667
476.193	9.68889
476.688	9.64444
477.184	9.2
477.679	7.77778
478.176	7.02222
478.672	5.68889
479.167	4.97778
479.662	4.66667
480.157	4.57778
480.655	4.08889
481.15	4
481.645	4.17778
482.14	4.4
482.635	3.95556
483.13	3.77778
483.627	3.82222
484.122	4.04444
484.617	3.91111
485.112	3.77778
485.607	3.55556
486.102	3.51111
486.597	3.91111
487.092	3.95556
487.588	3.68889
488.083	4.04444
488.578	3.73333
489.073	3.73333
489.567	3.37778
490.062	4.04444
490.557	3.95556
491.051	3.95556
491.546	3.77778
492.04	3.68889
492.535	3.55556
493.029	3.73333
493.524	3.51111
494.018	4
494.513	3.55556
495.007	3.55556
495.504	3.6
495.998	3.24444
496.492	3.68889
496.987	3.46667
497.481	3.64444
497.973	3.42222
498.467	3.42222
498.962	3.55556
499.456	3.68889
499.95	3.46667
500.444	3.33333
500.938	3.37778
501.432	3.42222
501.926	3.46667
502.42	3.42222
502.914	3.64444
503.408	3.33333
503.902	3.6
504.396	3.6
504.89	3.24444
505.384	3.6
505.878	3.46667
506.369	3.37778
506.863	3.28889
507.357	3.55556
507.85	3.2
508.344	3.46667
508.838	3.37778
509.331	3.02222
509.823	3.11111
510.317	3.37778
510.81	3.33333
511.304	3.64444
511.797	3.46667
512.291	3.42222
512.782	3.82222
513.275	3.06667
513.769	3.51111
514.262	3.55556
514.756	3.2
515.247	3.64444
515.74	3.28889
516.233	2.97778
516.727	3.37778
517.218	3.15556
517.711	3.15556
518.204	2.93333
518.697	3.15556
519.188	3.37778
519.681	3.33333
520.174	3.28889
520.667	3.28889
521.158	3.11111
521.651	3.28889
522.144	3.11111
522.635	3.06667
523.128	3.37778
523.621	2.97778
524.114	3.33333
524.605	3.37778
525.097	3.28889
525.59	3.46667
526.081	3.02222
526.574	2.84444
527.066	2.97778
527.557	3.2
528.049	3.28889
528.54	3.24444
529.033	2.97778
529.525	2.84444
530.016	2.84444
530.508	2.75556
530.999	2.93333
531.491	2.93333
531.983	2.84444
532.474	2.71111
532.966	3.15556
533.456	2.97778
533.949	2.88889
534.441	2.93333
534.931	2.88889
535.423	2.88889
535.914	3.15556
536.406	2.97778
536.896	3.11111
537.388	2.97778
537.878	2.97778
538.37	2.84444
538.86	3.15556
539.352	2.93333
539.842	3.33333
540.334	2.84444
540.824	3.06667
541.316	2.75556
541.806	3.11111
542.298	2.93333
542.787	3.06667
543.279	2.8
543.769	2.88889
544.259	2.62222
544.75	3.02222
545.24	3.28889
545.732	2.57778
546.221	3.02222
546.713	2.66667
547.202	2.88889
547.692	3.24444
548.184	2.8
548.673	3.15556
549.164	3.06667
549.654	2.97778
550.143	2.71111
550.635	2.8
551.124	2.71111
551.613	3.28889
552.105	2.93333
552.594	2.93333
553.083	2.97778
553.574	2.75556
554.064	2.8
554.553	2.8
555.044	3.15556
555.533	3.02222
556.022	2.93333
556.513	3.24444
557.002	3.02222
557.491	2.84444
557.982	2.93333
558.471	3.02222
558.96	2.97778
559.449	3.2
559.94	3.24444
560.429	2.93333
560.918	3.06667
561.406	2.93333
561.897	3.15556
562.386	2.97778
562.875	2.84444
563.363	3.15556
563.852	3.06667
564.343	2.97778
564.831	2.97778
565.32	3.2
565.809	3.15556
566.297	3.15556
566.788	3.11111
567.276	3.15556
567.765	2.8
568.253	3.06667
568.741	2.88889
569.23	3.02222
569.718	2.88889
570.208	2.93333
570.697	3.02222
571.185	3.24444
571.673	3.02222
572.161	3.24444
572.65	3.06667
573.138	3.06667
573.626	2.93333
574.114	3.15556
574.604	3.11111
575.092	3.02222
575.58	3.46667
576.068	2.88889
576.556	3.2
577.044	3.2
577.532	3.2
578.02	3.2
578.508	3.11111
578.996	2.62222
579.484	2.71111
579.971	3.02222
580.459	2.93333
580.947	3.15556
581.435	2.93333
581.922	2.66667
582.41	3.28889
582.898	3.2
583.385	3.15556
583.873	2.97778
584.361	2.71111
584.848	3.42222
585.336	3.28889
585.823	3.11111
586.311	2.84444
586.798	3.06667
587.285	2.75556
587.771	3.2
588.258	2.84444
588.745	3.11111
589.233	2.88889
589.72	2.84444
590.207	2.93333
590.695	2.8
591.182	3.28889
591.669	2.93333
592.156	2.75556
592.641	2.62222
593.128	3.06667
593.615	2.93333
594.102	2.88889
594.589	3.06667
595.076	3.11111
595.561	3.15556
596.048	3.06667
596.535	2.97778
597.022	2.88889
597.509	2.97778
597.994	2.8
598.481	2.84444
598.967	2.93333
599.454	3.02222
599.941	2.84444
600.425	3.06667
600.912	3.11111
601.399	2.93333
601.885	2.97778
602.37	2.8
602.857	2.88889
603.343	3.11111
603.83	2.93333
604.314	2.88889
