242.052	8.31111
242.569	8.44444
243.083	7.68889
243.599	8.13333
244.114	7.33333
244.63	7.42222
245.147	7.6
245.661	7.6
246.177	7.64444
246.691	7.68889
247.208	7.24444
247.722	7.77778
248.238	7.2
248.754	7.2
249.268	7.33333
249.785	7.86667
250.299	8.17778
250.815	8.22222
251.329	7.82222
251.845	8.08889
252.359	8.04445
252.874	7.6
253.388	7.95556
253.904	8.57778
254.418	8.26667
254.934	8.35555
255.448	8.57778
255.961	8
256.477	8.75556
256.991	8.71111
257.506	8.44444
258.02	8.08889
258.536	8.75556
259.049	8.48889
259.565	8.13333
260.078	8.62222
260.592	8.84444
261.107	9.06667
261.621	9.06667
262.136	9.06667
262.649	8.97778
263.163	9.46667
263.678	9.77778
264.191	9.33333
264.707	10.1778
265.22	10
265.733	10.5333
266.248	10.5333
266.761	10.7111
267.274	11.0222
267.79	11.2
268.303	11.2444
268.816	11.0222
269.331	11.5111
269.844	11.4667
270.356	11.5556
270.871	10.8889
271.384	11.5111
271.897	11.2444
272.412	11.3333
272.925	11.1556
273.438	10.5333
273.95	11.4222
274.465	11.2444
274.978	11.1556
275.49	11.3333
276.005	11.7333
276.517	11.3778
277.03	11.6
277.543	11.6
278.057	11.6
278.57	11.4667
279.082	11.5556
279.594	11.3778
280.107	11.2889
280.621	10.8444
281.133	11.2889
281.646	11.2889
282.158	11.1556
282.67	10.6222
283.184	10.5333
283.697	10.4444
284.209	10.0444
284.721	10.2222
285.233	10.3111
285.745	10.4444
286.259	9.51111
286.771	9.55556
287.283	9.86667
287.795	9.37778
288.307	9.11111
288.819	8.66667
289.331	9.02222
289.845	8.44444
290.356	8.57778
290.868	9.06667
291.38	8.4
291.892	8.4
292.403	8.04445
292.915	8.4
293.427	8
293.938	8.4
294.45	7.68889
294.963	7.42222
295.475	7.15556
295.986	7.06667
296.498	6.84444
297.009	7.42222
297.521	7.02222
298.032	6.93333
298.543	7.06667
299.055	6.93333
299.566	7.15556
300.077	6.84444
300.589	6.13333
301.1	6.35556
301.611	6.71111
302.122	6.93333
302.633	6.57778
303.144	6.71111
303.655	6.53333
304.166	6.44444
304.677	6.4
305.188	6.44444
305.699	6.62222
306.21	6.75556
306.721	6.22222
307.232	6.26667
307.743	5.82222
308.251	5.77778
308.762	5.42222
309.273	5.68889
309.784	5.73333
310.294	5.51111
310.805	5.15556
311.316	5.33333
311.826	5.02222
312.337	5.46667
312.848	5.46667
313.356	5.68889
313.866	5.51111
314.377	5.37778
314.887	4.93333
315.398	5.42222
315.908	5.64444
316.419	5.24444
316.927	5.42222
317.437	5.24444
317.947	5.46667
318.458	5.46667
318.968	5.51111
319.478	5.51111
319.986	5.6
320.496	5.46667
321.006	5.37778
321.516	5.37778
322.026	5.73333
322.534	5.37778
323.044	5.02222
323.554	5.64444
324.064	5.46667
324.572	5.51111
325.082	5.68889
325.592	5.24444
326.102	5.51111
326.609	5.42222
327.119	5.37778
327.629	5.42222
328.139	5.33333
328.646	5.77778
329.156	5.42222
329.665	5.6
330.175	5.6
330.682	5.51111
331.192	5.6
331.702	5.73333
332.209	5.86667
332.718	5.91111
333.228	5.86667
333.735	5.95556
334.245	5.51111
334.754	5.95556
335.261	6
335.77	5.77778
336.28	6.53333
336.787	5.91111
337.296	6.35556
337.803	6.35556
338.312	6.35556
338.821	6.17778
339.328	6.08889
339.837	6.13333
340.344	6
340.853	5.68889
341.362	5.95556
341.869	6.04444
342.378	6.13333
342.885	6
343.394	5.82222
343.903	5.91111
344.409	6.08889
344.918	6
345.425	5.55556
345.934	5.95556
346.44	5.91111
346.949	5.86667
347.456	5.46667
347.964	5.95556
348.471	5.82222
348.979	6.17778
349.486	6.08889
349.994	5.68889
350.501	5.51111
351.009	6.13333
351.515	6.31111
352.024	6.4
352.53	6.35556
353.038	6.04444
353.545	6
354.053	6
354.559	5.91111
355.067	6.04444
355.573	6.13333
356.079	6.08889
356.588	6.35556
357.094	6.22222
357.602	6.44444
358.108	6.71111
358.616	5.82222
359.122	6.17778
359.628	6.97778
360.135	6.8
360.641	6.97778
361.147	6.66667
361.655	7.06667
362.161	6.93333
362.669	7.06667
363.174	7.06667
363.68	6.8
364.188	7.2
364.693	7.06667
365.199	6.71111
365.707	7.24444
366.212	6.66667
366.718	6.44444
367.225	6.84444
367.731	6.35556
368.236	6
368.743	6.31111
369.249	5.91111
369.754	5.91111
370.26	5.46667
370.767	5.11111
371.272	5.42222
371.777	5.33333
372.283	5.2
372.79	5.11111
373.295	4.97778
373.8	4.84444
374.305	4.88889
374.812	5.15556
375.317	5.02222
375.822	5.15556
376.327	5.37778
376.834	5.37778
377.339	4.97778
377.844	5.33333
378.349	5.11111
378.854	5.06667
379.361	5.28889
379.866	5.24444
380.37	5.37778
380.875	5.33333
381.38	5.55556
381.884	5.02222
382.391	5.02222
382.896	5.42222
383.4	5.37778
383.905	5.46667
384.409	5.51111
384.914	5.33333
385.418	5.15556
385.925	5.33333
386.429	5.33333
386.934	5.11111
387.438	5.37778
387.943	5.73333
388.447	5.33333
388.951	5.33333
389.455	5.37778
389.96	5.46667
390.464	5.06667
390.968	5.28889
391.472	5.24444
391.978	5.42222
392.482	5.15556
392.987	5.37778
393.491	5.33333
393.995	5.46667
394.499	5.73333
395.003	5.51111
395.506	5.24444
396.01	5.55556
396.514	5.06667
397.018	5.37778
397.522	5.11111
398.026	5.6
398.529	5.68889
399.033	5.37778
399.537	5.42222
400.041	5.28889
400.544	5.42222
401.048	5.77778
401.549	5.24444
402.053	5.37778
402.557	5.64444
403.06	5.42222
403.564	5.51111
404.067	5.28889
404.57	5.68889
405.074	5.37778
405.577	5.82222
406.081	5.73333
406.584	5.6
407.087	5.68889
407.588	5.51111
408.092	5.73333
408.595	5.77778
409.098	5.77778
409.601	5.86667
410.104	5.6
410.607	6.04444
411.111	5.86667
411.612	5.86667
412.115	6
412.618	5.91111
413.12	5.82222
413.623	5.77778
414.124	6.17778
414.627	6.17778
415.13	6.26667
415.633	6.22222
416.136	5.95556
416.636	5.55556
417.139	6.35556
417.642	6.4
418.145	6.66667
418.647	6.75556
419.148	6.48889
419.65	6.8
420.153	7.2
420.656	7.02222
421.156	7.06667
421.658	7.11111
422.161	7.64444
422.663	7.15556
423.164	7.24444
423.666	7.95556
424.168	7.46667
424.669	8.08889
425.171	8.17778
425.673	8.08889
426.174	8.35555
426.676	8.4
427.178	8.66667
427.678	9.24444
428.18	9.24444
428.682	9.51111
429.182	9.55556
429.684	9.51111
430.186	9.46667
430.686	9.68889
431.188	9.42222
431.69	9.06667
432.19	9.46667
432.692	9.11111
433.192	8.84444
433.694	8.66667
434.196	8.53333
434.695	8.13333
435.197	8.04444
435.697	8.22222
436.198	7.37778
436.7	7.51111
437.2	6.75556
437.701	7.33333
438.201	6.93333
438.702	6.93333
439.202	7.24444
439.703	7.2
440.203	7.24444
440.704	6.8
441.204	7.28889
441.705	7.24444
442.204	7.15556
442.706	7.46667
443.205	7.68889
443.706	7.73333
444.206	7.55556
444.707	7.64444
445.206	7.68889
445.707	7.95556
446.206	7.73333
446.707	7.51111
447.206	8.08889
447.707	7.77778
448.206	8.08889
448.707	7.86667
449.206	8.31111
449.705	8.17778
450.206	8.44444
450.705	8.75556
451.206	9.33333
451.705	9.24444
452.204	9.68889
452.704	9.55556
453.203	10.2222
453.704	10.1778
454.203	10.2667
454.701	10.0889
455.202	10.0444
455.7	9.82222
456.199	10.1333
456.7	9.86667
457.198	10.2667
457.699	10
458.197	9.68889
458.695	8.93333
459.196	8.8
459.694	8.62222
460.193	7.77778
460.691	7.37778
461.191	6.84444
461.69	6.48889
462.188	6.75556
462.688	6.48889
463.186	6.4
463.684	6.71111
464.182	6.75556
464.683	6.57778
465.181	6.22222
465.679	6.35556
466.177	6.84444
466.677	6.35556
467.175	6.57778
467.673	6.8
468.171	6.62222
468.671	6.13333
469.168	6.4
469.666	6.66667
470.164	6.84444
470.662	7.11111
471.162	7.24444
471.659	7.37778
472.157	6.93333
472.655	7.6
473.152	7.33333
473.652	7.82222
474.15	8.71111
474.647	8.57778
475.145	9.77778
475.642	10.1333
476.14	10.1333
476.637	10
477.134	9.06667
477.634	8.35556
478.131	7.11111
478.629	6
479.126	5.11111
479.623	4.84444
480.12	4.4
480.618	4.17778
481.115	4.53333
481.612	4.53333
482.109	4
482.608	4.22222
483.105	4.4
483.603	4.04444
484.1	3.77778
484.597	4.26667
485.094	3.91111
485.591	3.68889
486.087	3.55556
486.584	4.13333
487.081	3.86667
487.578	3.86667
488.075	3.64444
488.572	4.08889
489.069	4
489.565	3.91111
490.062	4
490.559	3.91111
491.055	3.77778
491.552	4
492.049	3.82222
492.545	4.04444
493.042	3.68889
493.538	3.82222
494.033	3.73333
494.529	4.17778
495.026	3.95556
495.522	3.68889
496.018	3.86667
496.515	3.55556
497.011	3.42222
497.508	3.82222
498.004	3.95556
498.5	4.08889
498.996	3.73333
499.49	3.55556
499.987	3.91111
500.483	3.82222
500.979	3.77778
501.475	3.64444
501.971	3.91111
502.467	3.55556
502.961	3.77778
503.457	3.51111
503.953	3.86667
504.449	3.6
504.945	3.68889
505.439	3.55556
505.935	3.86667
506.43	3.73333
506.926	3.46667
507.422	3.51111
507.916	3.6
508.411	3.73333
508.907	3.73333
509.403	3.46667
509.898	3.68889
510.392	3.46667
510.888	3.73333
511.383	3.46667
511.877	3.37778
512.372	3.24444
512.868	3.33333
513.363	3.51111
513.857	3.73333
514.352	3.24444
514.847	3.51111
515.341	3.33333
515.836	3.46667
516.331	3.28889
516.826	3.2
517.32	3.55556
517.815	3.6
518.31	3.28889
518.803	3.64444
519.298	3.51111
519.793	3.46667
520.286	3.15556
520.782	3.2
521.275	2.93333
521.77	3.28889
522.265	3.28889
522.757	3.06667
523.252	3.42222
523.745	3.37778
524.24	3.28889
524.735	3.42222
525.228	3.2
525.722	3.28889
526.215	3.02222
526.71	3.15556
527.205	3.37778
527.697	3.68889
528.192	3.24444
528.685	3.28889
529.179	3.37778
529.672	2.88889
530.166	3.46667
530.659	2.75556
531.153	3.51111
531.646	2.93333
532.14	3.42222
532.632	3.42222
533.127	3.33333
533.619	3.11111
534.113	3.28889
534.606	3.02222
535.1	3.28889
535.592	3.11111
536.086	2.88889
536.579	3.02222
537.073	3.42222
537.565	3.33333
538.059	3.11111
538.551	2.93333
539.043	2.93333
539.537	3.37778
540.029	3.24444
540.523	3.02222
541.015	3.2
541.507	3.42222
542.001	3.15556
542.493	3.06667
542.987	3.33333
543.478	3.46667
543.97	3.15556
544.464	3.33333
544.956	3.02222
545.447	3.15556
545.941	3.02222
546.433	3.42222
546.924	2.97778
547.418	3.06667
547.909	2.66667
548.401	3.2
548.894	3.24444
549.386	3.51111
549.877	3.28889
550.371	3.42222
550.862	3.24444
551.354	3.37778
551.847	2.93333
552.338	3.46667
552.829	3.2
553.321	2.97778
553.814	3.24444
554.305	3.15556
554.796	3.02222
555.288	3.42222
555.781	3.2
556.272	3.02222
556.763	3.64444
557.254	2.93333
557.747	3.11111
558.238	3.28889
558.729	3.24444
559.22	3.55556
559.711	3.11111
560.202	3.28889
560.695	3.06667
561.185	3.33333
561.676	2.97778
562.167	3.2
562.658	3.24444
563.148	2.97778
563.641	3.55556
564.132	3.55556
564.623	3.06667
565.113	3.02222
565.604	3.24444
566.094	3.37778
566.585	3.33333
567.077	3.46667
567.568	3.37778
568.058	3.37778
568.549	3.06667
569.039	2.93333
569.53	2.93333
570.02	2.97778
570.51	3.24444
571.001	3.55556
571.491	3.24444
571.981	3.37778
572.471	3.06667
572.962	3.2
573.452	3.33333
573.942	3.28889
574.432	3.46667
574.922	3.24444
575.412	3.33333
575.902	3.6
576.392	3.24444
576.882	3.28889
577.372	3.2
577.862	3.11111
578.352	3.42222
578.842	3.11111
579.332	3.28889
579.822	3.2
580.312	3.51111
580.801	3.11111
581.291	3.06667
581.781	3.33333
582.27	3.37778
582.76	3.37778
583.25	3.11111
583.739	3.11111
584.229	2.8
584.719	3.46667
585.206	3.24444
585.696	3.37778
586.185	3.46667
586.675	3.28889
587.164	3.02222
587.653	3.2
588.143	3.33333
588.632	3.06667
589.12	3.06667
589.609	3.37778
590.098	3.15556
590.587	2.97778
591.077	3.02222
591.566	3.28889
592.053	3.02222
592.542	3.28889
593.031	3.28889
593.52	3.33333
594.009	3.24444
594.496	3.42222
594.985	3.33333
595.474	3.11111
595.963	2.84444
596.452	3.11111
596.939	3.11111
597.428	3.15556
597.917	3.15556
598.406	3.42222
598.893	2.97778
599.381	3.24444
599.87	3.06667
600.357	3.15556
600.846	3.51111
601.334	3.02222
601.823	2.93333
602.309	3.24444
602.798	2.84444
603.287	3.11111
603.773	3.11111
604.262	3.11111
604.75	3.33333
605.237	3.2
605.725	3.33333
606.214	2.88889
606.7	3.24444
607.188	3.11111
607.677	3.37778
608.163	3.15556
608.651	3.15556
609.137	3.24444
609.626	3.37778
610.114	3.2
610.6	3.42222
611.088	3.02222
611.574	2.97778
612.062	3.2
612.55	3.06667
613.036	3.06667
613.524	3.11111
614.01	3.24444
614.498	3.2
614.984	3.28889
615.472	2.97778
615.958	3.06667
616.446	3.11111
616.934	3.33333
617.42	3.06667
617.907	2.93333
618.393	3.06667
618.881	3.24444
619.367	2.88889
619.854	2.93333
620.34	3.02222
620.828	3.02222
621.313	3.02222
621.799	3.02222
622.286	3.33333
622.772	3.02222
623.259	2.93333
623.745	3.06667
624.232	2.88889
624.718	3.55556
625.205	2.8
625.69	3.02222
626.176	3.06667
626.663	2.97778
627.148	3.2
627.635	2.88889
628.121	2.93333
628.606	2.97778
629.093	2.88889
629.578	2.57778
630.065	3.06667
630.551	3.28889
631.036	3.02222
631.523	3.06667
632.008	3.28889
632.493	3.06667
632.98	3.2
633.465	3.28889
633.949	3.28889
634.436	3.11111
634.921	3.24444
635.406	3.28889
635.893	3.15556
636.378	3.02222
636.862	2.93333
637.347	3.2
637.834	3.15556
638.319	3.11111
638.803	3.02222
639.288	3.02222
639.774	2.93333
640.259	3.02222
640.744	2.93333
641.228	2.75556
641.715	3.02222
642.199	3.11111
642.684	3.24444
643.168	3.2
643.654	3.46667
644.139	3.33333
644.623	3.06667
645.107	2.97778
645.592	3.28889
646.078	3.28889
646.562	3.37778
647.046	3.24444
647.531	3.2
648.015	3.11111
648.499	2.97778
648.983	3.33333
649.469	2.8
649.953	3.06667
650.437	3.28889
650.921	3.24444
651.405	3.02222
651.889	3.06667
652.373	2.97778
652.857	3.2
653.343	3.11111
653.827	3.06667
654.311	3.15556
654.794	3.42222
655.278	3.24444
655.762	3.28889
656.246	3.2
656.729	3.06667
657.213	3.42222
657.697	3.33333
658.18	3.33333
658.664	3.02222
659.147	3.11111
659.631	3.2
660.115	2.97778
660.598	3.28889
661.081	3.33333
661.565	3.55556
662.048	3.28889
662.532	3.2
663.015	3.02222
663.498	3.33333
663.982	3.11111
664.465	3.33333
664.948	3.46667
665.432	3.42222
665.915	3.2
666.398	3.15556
666.881	2.97778
667.364	2.71111
667.847	3.33333
668.33	3.11111
668.811	3.42222
669.294	2.97778
669.777	3.15556
670.26	3.46667
670.743	3.2
671.226	3.24444
671.709	3.11111
672.192	3.2
672.673	2.93333
673.156	3.2
673.639	3.2
674.121	2.93333
674.604	2.88889
675.087	3.02222
675.567	3.24444
676.05	2.97778
676.533	3.15556
677.015	3.2
677.498	3.11111
677.981	3.15556
678.461	2.88889
678.944	3.06667
679.426	3.42222
679.909	3.37778
680.389	3.42222
680.871	3.06667
681.354	2.66667
681.836	3.06667
682.316	3.11111
682.799	3.02222
683.281	3.37778
683.763	3.24444
684.244	2.93333
684.726	2.93333
685.208	3.2
685.688	3.06667
686.17	3.15556
686.652	2.88889
687.134	2.84444
687.614	3.11111
688.096	3.06667
688.578	2.93333
689.058	3.33333
689.54	3.24444
690.022	2.93333
690.502	2.84444
690.984	3.42222
691.464	3.02222
691.946	2.84444
692.428	3.06667
692.907	2.97778
693.389	2.8
693.871	2.71111
694.35	3.15556
694.832	3.15556
695.312	2.84444
695.793	3.33333
696.273	3.28889
696.755	2.71111
697.236	2.8
697.716	2.75556
698.197	3.06667
698.677	3.24444
699.158	3.28889
699.637	2.66667
700.119	2.97778
700.598	2.8
701.08	2.66667
701.559	2.88889
702.04	2.8
702.519	2.97778
703.001	2.97778
703.48	2.97778
703.961	3.2
704.44	2.8
704.921	2.84444
705.4	3.11111
705.881	2.75556
706.361	3.11111
706.842	2.84444
707.321	2.88889
707.8	3.02222
708.281	2.88889
708.759	2.88889
709.24	3.11111
709.719	2.8
710.2	2.97778
710.679	2.97778
711.158	2.57778
711.638	2.84444
712.117	3.11111
712.596	3.06667
713.077	3.02222
713.555	2.88889
714.036	2.97778
714.515	2.93333
714.993	2.97778
715.474	2.84444
715.952	3.15556
716.431	3.11111
716.911	3.02222
717.39	2.93333
717.868	3.02222
718.347	2.8
718.827	2.97778
719.305	3.02222
719.784	2.71111
720.264	2.93333
720.742	3.02222
721.221	2.97778
721.699	3.06667
722.179	2.57778
722.657	2.93333
723.135	2.97778
723.614	2.48889
724.094	2.71111
724.572	3.02222
725.05	3.15556
725.528	2.57778
726.008	3.02222
726.486	2.8
726.964	2.8
727.442	2.84444
727.92	2.71111
728.398	3.24444
728.878	2.84444
729.355	2.84444
729.833	2.8
730.311	2.66667
730.789	2.75556
731.266	2.84444
731.746	2.93333
732.224	2.66667
732.702	3.15556
733.179	2.53333
733.657	2.93333
734.134	2.8
734.612	3.06667
735.089	2.93333
735.567	2.84444
736.046	2.97778
736.524	2.8
737.001	3.06667
737.479	2.62222
737.956	3.02222
738.434	2.48889
738.911	2.84444
739.388	2.75556
739.865	2.71111
740.343	3.06667
740.82	3.02222
741.297	2.8
741.774	2.84444
742.251	2.84444
742.729	2.66667
743.206	2.75556
743.683	2.8
744.16	2.97778
744.637	2.88889
745.114	2.84444
745.591	2.84444
746.068	2.97778
746.545	2.75556
747.022	2.8
747.499	3.06667
747.975	2.93333
748.452	2.8
748.929	2.66667
749.404	2.93333
