86.938	0.622222
87.4632	0.577778
87.9905	0.666667
88.5157	0.711111
89.0408	0.755556
89.5681	0.977778
90.0931	0.888889
90.6182	0.888889
91.1453	0.533333
91.6703	0.844444
92.1953	0.888889
92.7223	0.755556
93.2472	0.844444
93.7721	0.933333
94.2991	0.577778
94.8239	1.2
95.3486	1.06667
95.8734	0.844444
96.4003	0.844444
96.9249	1.11111
97.4496	1.06667
97.9764	1.28889
98.501	0.977778
99.0255	1.33333
99.5501	1.42222
100.077	1.55556
100.601	1.28889
101.126	1.37778
101.65	1.64444
102.174	1.73333
102.701	1.86667
103.225	1.86667
103.75	1.91111
104.274	1.91111
104.798	2.08889
105.324	1.82222
105.849	2.4
106.373	2.53333
106.897	2.57778
107.421	2.71111
107.947	2.57778
108.471	2.88889
108.995	2.17778
109.519	2.53333
110.043	2.8
110.567	2.97778
111.091	2.84444
111.617	3.11111
112.141	2.57778
112.665	3.2
113.188	2.84444
113.712	2.93333
114.236	3.2
114.76	3.24444
115.283	3.46667
115.807	3.64444
116.331	3.64444
116.856	3.24444
117.38	3.68889
117.903	3.86667
118.427	3.51111
118.95	3.46667
119.474	3.55556
119.997	3.77778
120.52	3.68889
121.044	3.86667
121.567	3.42222
122.09	3.91111
122.614	4.57778
123.137	4.13333
123.66	4
124.183	4.08889
124.706	4.13333
125.229	4.08889
125.752	4.08889
126.275	4.17778
126.798	4.31111
127.321	4.22222
127.844	4.26667
128.367	4.71111
128.89	4.66667
129.413	4.31111
129.936	4.53333
130.459	4.93333
130.982	4.75556
131.504	4.88889
132.025	5.11111
132.548	4.62222
133.07	5.33333
133.593	5.86667
134.115	5.37778
134.638	6.13333
135.161	5.91111
135.683	6.35556
136.206	6.48889
136.728	6.75556
137.248	7.11111
137.771	7.46667
138.293	7.64444
138.815	8.31111
139.338	8.71111
139.86	9.11111
140.382	9.33333
140.902	9.33333
141.425	9.82222
141.947	10.1333
142.469	10.5333
142.991	11.3778
143.513	11.7333
144.033	12.2222
144.555	12.4444
145.077	12.7111
145.599	13.0667
146.121	14.1333
146.641	15.2889
147.163	14.3556
147.684	15.7333
148.206	16.1778
148.726	16.7556
149.248	16.9333
149.769	17.6889
150.291	18.3111
150.811	18.2667
151.332	19.0222
151.854	20.0889
152.375	20.9333
152.895	20.7111
153.416	21.7333
153.938	22.1778
154.457	21.8667
154.979	22.2667
155.5	22.4889
156.019	22.0889
156.541	21.4667
157.062	21.0667
157.581	20.7111
158.102	21.4222
158.624	20.8
159.143	20.6667
159.664	21.3333
160.185	21.2889
160.704	21.6444
161.225	21.9111
161.746	21.6444
162.265	21.6889
162.786	22.1333
163.307	22.6222
163.826	21.5111
164.347	22.0889
164.866	22.2667
165.386	22.0444
165.907	21.8667
166.426	22.0889
166.947	21.5556
167.465	22.0889
167.986	21.6444
168.505	20.7556
169.025	21.7778
169.544	20.6222
170.064	21.3778
170.585	21.5556
171.103	21.1111
171.624	21.5111
172.142	21.5111
172.663	21.1111
173.181	21.1556
173.701	21.6889
174.22	21.5111
174.74	22.1333
175.258	21.7778
175.778	22.1778
176.296	21.9111
176.817	22
177.335	21.9111
177.855	22.5778
178.373	22.1333
178.891	23.6
179.411	22.8889
179.929	23.7778
180.449	23.6889
180.967	24.4889
181.487	24.7556
182.005	25.5111
182.524	25.7778
183.042	26.3111
183.56	26.6667
184.08	28.6222
184.597	29.1111
185.117	30.7556
185.635	29.8667
186.152	31.5556
186.672	33.9556
187.189	34.1333
187.707	36.2222
188.227	38
188.744	39.0222
189.264	40.6222
189.781	43.2444
190.298	45.7778
190.818	47.6
191.335	49.8222
191.852	52.6667
192.372	54.9333
192.889	57.4222
193.406	59.8667
193.923	61.7333
194.442	64.1778
194.959	67.2
195.476	67.0222
195.996	67.8222
196.513	69.0667
197.03	69.2
197.547	69.9556
198.066	68.3111
198.582	68.7556
199.099	67.6889
199.616	65.5111
200.135	65.2444
200.652	63.2889
201.169	62
201.685	59.6
202.204	58.4889
202.721	56.8444
203.237	56.3556
203.754	54.7556
204.271	54.5333
204.789	53.4222
205.306	52.6667
205.822	52.0444
206.339	51.0667
206.855	51.5556
207.371	51.9111
207.89	51.6444
208.406	51.7333
208.923	52.1333
209.439	53.2444
209.955	53.6
210.471	55.8667
210.988	57.2889
211.506	59.0222
212.022	61.7778
212.538	65.9111
213.054	68.9333
213.57	73.6
214.086	79.4667
214.602	84.4889
215.118	90.8
215.634	97.5111
216.15	101.2
216.668	105.778
217.184	105.556
217.7	103.911
218.216	99.2
218.731	92.4889
219.247	85.8667
219.763	79.4667
220.278	73.6
220.794	68.8889
221.31	63.4222
221.825	59.5111
222.341	57.2889
222.856	54.2222
223.372	53.1111
223.887	50.0889
224.403	49.7333
224.918	48.8444
225.434	46.8889
225.949	46.7111
226.464	45.6
226.98	44.8
227.495	44.7111
228.01	44.6222
228.525	44
229.041	44.6667
229.556	43.1111
230.069	42.9778
230.584	41.4222
231.099	40.8889
231.614	40.3111
232.129	39.5556
232.644	37.9111
233.159	37.2
233.674	37.0667
234.189	36.4444
234.704	36
235.219	35.3778
235.731	35.2
236.246	34.5333
236.761	34.1333
237.276	34.8444
237.79	34.4889
238.305	34.2222
238.818	34.1333
239.332	33.6444
239.847	32.3556
240.361	32.7556
240.876	32.3111
241.391	32.1333
241.903	33.0667
242.417	33.3333
242.932	34.0889
243.446	33.9111
243.961	34.7556
244.473	35.9111
244.987	36.9778
245.501	39.4667
246.016	41.2
246.528	44.3111
247.042	46.1778
247.556	50.8
248.07	56.9333
248.582	63.6
249.096	70.6222
249.61	81.0222
250.124	91.3333
250.636	102.089
251.15	111.511
251.664	120.622
252.176	126.133
252.69	130.133
253.204	129.467
253.718	129.022
254.229	121.644
254.743	115.333
255.257	109.289
255.768	103.956
256.282	99.0222
256.796	91.7333
257.307	86.3556
257.821	82.0444
258.332	77.5111
258.846	73.0667
259.359	69.2889
259.871	66.0889
260.384	64.5778
260.898	60.6222
261.409	56.7556
261.922	54.5333
262.434	52.3111
262.947	49.9111
263.46	48.6222
263.971	47.4222
264.485	45.2889
264.996	42.8
265.509	42
266.02	41.8222
266.533	40.3111
267.044	38.4
267.557	37.7333
268.07	37.2444
268.581	35.2889
269.094	35.1111
269.605	33.9111
270.118	32.1333
270.629	31.8222
271.141	31.2
271.652	30.6667
272.165	29.6889
272.676	28.1333
273.188	28.0889
273.699	27.8222
274.212	27.2
274.722	26.8444
275.233	26.0889
275.745	25.6444
276.256	25.6889
276.769	25.8667
277.279	25.6444
277.791	25.5111
278.302	24.7111
278.814	24.3111
279.325	23.5111
279.835	22.9778
280.347	23.1111
280.857	22.5333
281.37	22.3111
281.88	22.4889
282.39	22.0444
282.902	22
283.412	21.4222
283.922	21.5556
284.435	21.1556
284.945	20.7111
285.455	20.4
285.967	20.5778
286.477	19.5111
286.988	19.9111
287.498	19.5111
288.008	19.5556
288.518	18.8889
289.03	19.0667
289.54	19.5111
290.049	18.2667
290.561	18.7111
291.071	17.9556
291.58	18.0444
292.092	18.3556
292.602	17.4222
293.111	17.4667
293.621	17.6
294.132	17.0222
294.642	17.0667
295.151	16.8
295.661	16.4444
296.172	16.7556
296.682	16.2222
297.191	15.8667
297.7	16.0444
298.209	16.0444
298.721	16.3556
299.23	15.8222
299.739	15.7333
300.248	16.0889
300.758	15.6889
301.269	15.7333
301.778	16.2222
302.287	15.2444
302.796	15.6
303.305	15.4222
303.814	15.4667
304.325	14.8889
304.834	15.4667
305.343	14.9333
305.852	14.4889
306.36	15.0667
306.869	14.5333
307.378	14.7111
307.889	14.5333
308.397	14.8444
308.906	14.1778
309.415	14.4
309.923	14.0444
310.432	13.7333
310.941	13.7778
311.449	14.0444
311.958	13.9111
312.466	13.3778
312.975	13.9556
313.483	13.6889
313.991	13.6
314.5	13.0222
315.01	13.0667
315.519	13.4222
316.027	13.2
316.535	13.3778
317.043	13.2
317.552	13.6889
318.06	12.9778
318.568	13.1556
319.076	13.6889
319.584	13.5111
320.092	13.2
320.6	13.4667
321.106	13.3778
321.614	12.9778
322.122	12.5778
322.63	13.6444
323.138	13.1111
323.646	12.9333
324.154	13.2889
324.662	13.5556
325.169	13.4222
325.677	13.2889
326.185	12.9333
326.693	13.2
327.2	12.7111
327.708	12.8
328.213	13.3333
328.721	13.2
329.229	13.2889
329.736	13.0222
330.244	13.2889
330.751	12.8444
331.259	13.2
331.766	13.0667
332.271	13.3778
332.779	13.6
333.286	13.1556
333.793	13.2444
334.301	13.4667
334.808	13.7778
335.313	13.5556
335.82	13.2
336.327	13.5556
336.835	13.9111
337.342	13.5111
337.847	13.3333
338.354	13.2444
338.861	13.2889
339.368	13.4222
339.873	13.7333
340.38	14.2667
340.887	13.7333
341.394	13.5111
341.898	13.8222
342.405	13.1556
342.912	13.6
343.419	13.6
343.923	12.8444
344.43	13.1111
344.937	13.2444
345.444	12.8
345.948	13.6444
346.455	13.2889
346.961	13.2889
347.466	12.7556
347.972	13.6889
348.479	12.9333
348.983	12.5778
349.49	12.6667
349.996	13.1556
350.501	13.1111
351.007	13.2889
351.513	12.9778
352.017	13.3778
352.524	13.6889
353.028	13.2889
353.534	13.3333
354.04	13.3333
354.545	13.1556
355.051	13.5111
355.555	13.7778
356.061	13.5111
356.567	13.7778
357.071	13.5111
357.577	14.2667
358.081	13.5111
358.587	13.4667
359.091	13.6889
359.596	13.6444
360.102	13.6444
360.606	13.8222
361.112	14.1333
361.616	14.2222
362.121	14.1333
362.625	14.4444
363.131	14.1333
363.634	14.7111
364.14	14.8889
364.644	14.4444
365.149	14.4444
365.653	14.4444
366.158	14.7111
366.662	14.3556
367.167	14.2667
367.671	13.8667
368.176	13.9556
368.679	13.6889
369.183	13.6889
369.688	14.2667
370.191	13.6889
370.696	13.2
371.2	13.2889
371.705	13.4222
372.208	13.4667
372.711	13.6444
373.216	13.2
373.719	13.2889
374.224	13.0667
374.727	12.7556
375.23	13.1111
375.735	13.2
376.238	13.1111
376.741	13.0667
377.246	13.2
377.749	12.9333
378.252	13.7333
378.757	13.1111
379.259	13.2
379.762	13.6
380.267	13.0667
380.77	13.5111
381.272	13.6889
381.777	13.0222
382.279	13.2
382.782	13.3778
383.287	13.7333
383.789	13.9111
384.292	13.5556
384.794	13.8667
385.299	13.0222
385.801	13.7778
386.303	14.2222
386.808	13.8222
387.31	13.3333
387.812	14
388.315	13.5111
388.817	13.3778
389.321	13.7778
389.823	13.7778
390.325	14
390.828	13.7333
391.33	13.2889
391.834	13.7333
392.336	13.2889
392.838	13.8667
393.34	14.3556
393.842	13.4222
394.346	13.4222
394.848	14.0889
395.35	13.8222
395.851	13.6
396.353	13.3778
396.855	13.7778
397.357	13.9111
397.861	13.7333
398.362	13.7333
398.864	13.3333
399.366	14.1778
399.867	13.6444
400.369	13.8222
400.87	13.4667
401.372	13.8222
401.873	13.5111
402.375	13.4222
402.878	13.6444
403.38	13.6889
403.881	13.6
404.383	14.3111
404.884	13.1556
405.385	13.8667
405.887	14.2222
406.388	13.8667
406.889	14.1778
407.39	13.6889
407.892	12.8444
408.393	13.8667
408.894	13.9111
409.395	13.9111
409.896	13.5111
410.397	14.1333
410.898	14
411.399	13.2889
411.9	14.0889
412.401	13.9556
412.902	14
413.403	13.6
413.904	14.0889
414.405	13.7333
414.905	13.9556
415.406	13.7778
415.905	13.9111
416.406	14.1333
416.906	13.8667
417.407	14.0444
417.908	14
418.408	14.0889
418.909	14.8
419.409	14.7556
419.91	14.5778
420.41	14.5333
420.909	14.8
421.409	14.7556
421.91	15.1111
422.41	15.0222
422.91	14.8889
423.411	15.2
423.909	15.0222
424.409	15.1556
424.91	15.2889
425.41	15.2
425.91	15.8667
426.41	16.1778
426.908	16.1778
427.408	16.0444
427.909	15.5556
428.409	16.4444
428.909	16.3111
429.407	16.2222
429.907	15.9111
430.407	16.7111
430.907	16.7556
431.404	16
431.904	15.8222
432.404	15.6444
432.904	15.8667
433.402	15.6
433.901	15.7778
434.401	15.1111
434.899	15.0222
435.399	14.9778
435.898	14.6667
436.398	14.6667
436.895	14.2222
437.395	14.4889
437.895	13.7333
438.392	14.1333
438.892	14.4
439.391	14.0889
439.888	13.7333
440.388	14.2222
440.887	14.2222
441.385	14.4
441.884	14.0444
442.381	14.5778
442.88	14.2667
443.38	14.6667
443.877	14.6222
444.376	14.2667
444.873	14.7556
445.372	14.3111
445.871	15.2
446.368	14.2222
446.868	14.7556
447.365	14.6667
447.864	14.9333
448.36	14.8
448.859	14.8444
449.358	14.2222
449.855	15.1556
450.354	15.2
450.851	15.5111
451.35	15.5556
451.846	15.3778
452.345	15.7778
452.842	15.8667
453.341	16.2222
453.837	16.2222
454.336	15.7778
454.832	16.2222
455.331	16.0444
455.828	16.0444
456.326	16.2667
456.823	15.6444
457.321	15.6444
457.818	14.6667
458.314	14.9778
458.812	14.4889
459.309	14.1778
459.807	13.8667
460.303	13.6889
460.802	13.5111
461.298	13.4667
461.794	12.8889
462.292	13.2889
462.788	12.5778
463.287	13.1111
463.783	12.5778
464.279	12.9778
464.777	12.8444
465.273	13.5556
465.769	12.9333
466.267	13.0222
466.763	12.7111
467.259	12.6667
467.757	12.9778
468.253	12.5778
468.748	13.2444
469.246	12.8444
469.742	13.0667
470.238	12.8444
470.736	12.8889
471.231	12.7556
471.727	13.4222
472.225	13.2889
472.72	13.4222
473.216	13.9111
473.711	14.1778
474.209	14.4889
474.704	14.8889
475.2	14.8
475.695	15.2444
476.193	15.2889
476.688	15.2
477.184	14.1333
477.679	13.4667
478.176	12.7556
478.672	12.1778
479.167	11.6
479.662	11.7778
480.157	10.8444
480.655	10.6222
481.15	10.0444
481.645	10.8889
482.14	10.7111
482.635	10.7111
483.13	10.7111
483.627	10.5333
484.122	10.5778
484.617	10.4889
485.112	10.3111
485.607	10.4
486.102	10.3556
486.597	10.7111
487.092	10.5778
487.588	10.4889
488.083	10.3111
488.578	10.1778
489.073	10.5333
489.567	10.6667
490.062	9.95555
490.557	10.5778
491.051	10.5778
491.546	10.5778
492.04	10.0889
492.535	10.4
493.029	9.82222
493.524	10.1778
494.018	10.1778
494.513	10.4
495.007	9.91111
495.504	10
495.998	10
496.492	10.4
496.987	10.0889
497.481	10
497.973	10.4
498.467	10.1333
498.962	9.68889
499.456	10.2222
499.95	9.86667
500.444	9.91111
500.938	10.0889
501.432	9.86667
501.926	10
502.42	9.64444
502.914	10.0444
503.408	9.64444
503.902	9.86667
504.396	9.46667
504.89	10.0444
505.384	9.64444
505.878	9.73333
506.369	10.0889
506.863	10.1778
507.357	9.64445
507.85	10
508.344	9.6
508.838	9.55556
509.331	9.68889
509.823	9.77778
510.317	9.6
510.81	9.68889
511.304	9.73333
511.797	9.51111
512.291	9.11111
512.782	9.37778
513.275	9.68889
513.769	9.77778
514.262	9.73333
514.756	9.24444
515.247	9.37778
515.74	9.24444
516.233	9.42222
516.727	9.46667
517.218	9.77778
517.711	9.02222
518.204	9.64444
518.697	8.93333
519.188	9.42222
519.681	9.55556
520.174	9.24444
520.667	9.42222
521.158	9.11111
521.651	9.46667
522.144	9.15555
522.635	9.11111
523.128	9.37778
523.621	9.28889
524.114	9.46667
524.605	9.02222
525.097	9.28889
525.59	9.37778
526.081	9.24444
526.574	9.28889
527.066	9.24444
527.557	8.88889
528.049	8.75556
528.54	9.51111
529.033	9.06667
529.525	9.28889
530.016	9.15555
530.508	8.97778
530.999	9.2
531.491	8.57778
531.983	9.11111
532.474	8.66667
532.966	8.71111
533.456	9.06667
533.949	9.24444
534.441	8.75556
534.931	9.33333
535.423	8.53333
535.914	9.06667
536.406	9.15555
536.896	9.02222
537.388	8.66667
537.878	8.88889
538.37	9.15555
538.86	8.97778
539.352	9.33333
539.842	9.11111
540.334	9.24444
540.824	8.93333
541.316	9.24444
541.806	8.75556
542.298	8.66667
542.787	9.11111
543.279	8.8
543.769	8.84444
544.259	8.84444
544.75	8.71111
545.24	9.15556
545.732	8.93333
546.221	8.88889
546.713	9.24444
547.202	8.62222
547.692	9.06667
548.184	8.88889
548.673	8.66667
549.164	8.75556
549.654	8.53333
550.143	9.28889
550.635	9.06667
551.124	9.11111
551.613	8.8
552.105	8.93333
552.594	8.88889
553.083	9.06667
553.574	9.28889
554.064	8.84444
554.553	8.71111
555.044	8.48889
555.533	8.71111
556.022	8.97778
556.513	9.15556
557.002	8.53333
557.491	8.8
557.982	8.57778
558.471	9.06667
558.96	9.02222
559.449	8.57778
559.94	8.97778
560.429	9.2
560.918	9.2
561.406	8.75556
561.897	9.06667
562.386	9.33333
562.875	9.46667
563.363	8.4
563.852	8.93333
564.343	8.53333
564.831	8.8
565.32	8.97778
565.809	9.06667
566.297	8.71111
566.788	9.02222
567.276	8.88889
567.765	9.06667
568.253	8.66667
568.741	8.48889
569.23	8.62222
569.718	9.11111
570.208	9.06667
570.697	8.88889
571.185	8.8
571.673	9.02222
572.161	8.97778
572.65	8.66667
573.138	9.11111
573.626	9.11111
574.114	9.28889
574.604	8.88889
575.092	8.84444
575.58	8.75556
576.068	8.88889
576.556	8.57778
577.044	8.75556
577.532	9.11111
578.02	8.71111
578.508	8.48889
578.996	8.84445
579.484	9.15556
579.971	8.53333
580.459	8.57778
580.947	9.11111
581.435	8.71111
581.922	9.06667
582.41	8.93333
582.898	8.84445
583.385	9.11111
583.873	8.8
584.361	8.8
584.848	8.66667
585.336	9.06667
585.823	8.97778
586.311	8.88889
586.798	8.84444
587.285	9.11111
587.771	8.62222
588.258	8.97778
588.745	9.02222
589.233	9.02222
589.72	8.8
590.207	8.8
590.695	8.71111
591.182	9.06667
591.669	8.88889
592.156	8.71111
592.641	8.8
593.128	8.8
593.615	8.44444
594.102	8.26667
594.589	8.93333
595.076	8.62222
595.561	9.06667
596.048	8.4
596.535	8.35556
597.022	8.57778
597.509	8.31111
597.994	8.88889
598.481	8.22222
598.967	9.02222
599.454	8.48889
599.941	8.93333
600.425	8.62222
600.912	8.97778
601.399	8.75556
601.885	8.84445
602.37	8.53333
602.857	8.44444
603.343	8.8
603.83	8.31111
604.314	8.53333
