86.938	0.488889
87.4632	0.711111
87.9905	0.444444
88.5157	0.444444
89.0408	0.533333
89.5681	0.711111
90.0931	0.533333
90.6182	0.488889
91.1453	0.533333
91.6703	0.755556
92.1953	0.622222
92.7223	0.8
93.2472	0.711111
93.7721	0.622222
94.2991	0.444444
94.8239	0.666667
95.3486	0.755556
95.8734	0.355556
96.4003	0.444444
96.9249	0.533333
97.4496	0.577778
97.9764	0.622222
98.501	0.755556
99.0255	0.533333
99.5501	0.577778
100.077	0.444444
100.601	0.444444
101.126	0.355556
101.65	0.444444
102.174	0.533333
102.701	0.622222
103.225	0.533333
103.75	0.622222
104.274	0.622222
104.798	0.711111
105.324	0.622222
105.849	0.8
106.373	1.02222
106.897	0.888889
107.421	1.02222
107.947	0.933333
108.471	0.533333
108.995	0.755556
109.519	0.755556
110.043	0.8
110.567	0.8
111.091	0.888889
111.617	0.488889
112.141	0.933333
112.665	0.888889
113.188	0.622222
113.712	0.755556
114.236	0.666667
114.76	0.888889
115.283	1.15556
115.807	0.977778
116.331	0.8
116.856	0.888889
117.38	0.933333
117.903	0.977778
118.427	1.06667
118.95	0.755556
119.474	0.933333
119.997	0.8
120.52	0.844444
121.044	0.844444
121.567	0.8
122.09	0.888889
122.614	0.8
123.137	0.888889
123.66	1.02222
124.183	1.02222
124.706	1.06667
125.229	0.8
125.752	1.02222
126.275	1.02222
126.798	1.06667
127.321	1.11111
127.844	0.888889
128.367	0.755556
128.89	1.24444
129.413	1.15556
129.936	0.755556
130.459	1.11111
130.982	0.8
131.504	1.33333
132.025	1.11111
132.548	1.11111
133.07	1.24444
133.593	1.33333
134.115	1.2
134.638	1.2
135.161	1.15556
135.683	1.24444
136.206	1.15556
136.728	1.42222
137.248	1.68889
137.771	1.55556
138.293	1.46667
138.815	1.64444
139.338	1.77778
139.86	1.86667
140.382	1.86667
140.902	1.64444
141.425	1.73333
141.947	1.95556
142.469	1.68889
142.991	2.08889
143.513	1.86667
144.033	2.4
144.555	2.35556
145.077	2.48889
145.599	2.31111
146.121	2.17778
146.641	2.66667
147.163	2.66667
147.684	2.97778
148.206	2.57778
148.726	2.57778
149.248	2.93333
149.769	3.33333
150.291	3.15556
150.811	3.42222
151.332	3.37778
151.854	3.55556
152.375	3.55556
152.895	4.17778
153.416	3.86667
153.938	4.13333
154.457	4.22222
154.979	4.17778
155.5	4.26667
156.019	3.95556
156.541	3.91111
157.062	3.46667
157.581	3.46667
158.102	3.33333
158.624	3.42222
159.143	3.6
159.664	3.46667
160.185	3.24444
160.704	3.33333
161.225	3.51111
161.746	3.55556
162.265	3.37778
162.786	3.82222
163.307	3.37778
163.826	3.73333
164.347	3.82222
164.866	3.68889
165.386	3.55556
165.907	3.6
166.426	3.24444
166.947	3.82222
167.465	3.55556
167.986	3.42222
168.505	3.42222
169.025	3.28889
169.544	3.46667
170.064	3.33333
170.585	2.97778
171.103	3.24444
171.624	3.02222
172.142	3.02222
172.663	3.33333
173.181	2.97778
173.701	2.93333
174.22	2.75556
174.74	3.02222
175.258	2.75556
175.778	3.02222
176.296	2.93333
176.817	2.8
177.335	2.8
177.855	2.48889
178.373	2.62222
178.891	2.84444
179.411	2.97778
179.929	2.53333
180.449	2.4
180.967	2.62222
181.487	2.48889
182.005	2.4
182.524	2.71111
183.042	2.71111
183.56	2.53333
184.08	2.62222
184.597	2.75556
185.117	2.66667
185.635	2.71111
186.152	2.75556
186.672	2.62222
187.189	2.66667
187.707	2.48889
188.227	2.66667
188.744	2.75556
189.264	2.8
189.781	2.84444
190.298	2.66667
190.818	2.71111
191.335	2.71111
191.852	2.93333
192.372	2.71111
192.889	2.88889
193.406	2.44444
193.923	3.28889
194.442	3.06667
194.959	3.06667
195.476	2.97778
195.996	2.84444
196.513	2.8
197.03	3.11111
197.547	3.28889
198.066	3.2
198.582	3.02222
199.099	3.28889
199.616	3.51111
200.135	3.37778
200.652	3.55556
201.169	3.33333
201.685	4.22222
202.204	3.77778
202.721	4.35556
203.237	4.48889
203.754	4.31111
204.271	4.48889
204.789	4.71111
205.306	4.53333
205.822	5.02222
206.339	5.37778
206.855	5.73333
207.371	6.13333
207.89	6.71111
208.406	6.93333
208.923	7.77778
209.439	7.91111
209.955	8.8
210.471	9.91111
210.988	10.2222
211.506	11.6
212.022	12.6222
212.538	14.1778
213.054	16.4
213.57	18
214.086	21.1111
214.602	23.2889
215.118	27.2
215.634	32.4444
216.15	35.9556
216.668	39.0667
217.184	41.6444
217.7	42
218.216	39.1556
218.731	35.9111
219.247	31.7333
219.763	27.5111
220.278	23.1111
220.794	20.6667
221.31	18.1778
221.825	16.2222
222.341	14.6667
222.856	13.0222
223.372	12.5333
223.887	11.5111
224.403	10.8889
224.918	10.6222
225.434	9.91111
225.949	9.64444
226.464	10.1778
226.98	10
227.495	9.68889
228.01	9.33333
228.525	9.2
229.041	9.86667
229.556	9.86667
230.069	9.86667
230.584	9.2
231.099	9.24444
231.614	8.97778
232.129	8.57778
232.644	8.35555
233.159	7.46667
233.674	8.04445
234.189	7.68889
234.704	7.55556
235.219	7.46667
235.731	7.33333
236.246	7.6
236.761	7.33333
237.276	7.42222
237.79	7.37778
238.305	7.73333
238.818	7.64444
239.332	7.73333
239.847	6.48889
240.361	5.24444
240.876	5.2
241.391	4.57778
241.903	4.31111
242.417	4.26667
242.932	4.04444
243.446	3.77778
243.961	3.28889
244.473	3.55556
244.987	3.68889
245.501	3.42222
246.016	3.2
246.528	3.28889
247.042	3.68889
247.556	3.55556
248.07	3.73333
248.582	3.55556
249.096	3.46667
249.61	3.64444
250.124	3.28889
250.636	3.46667
251.15	3.95556
251.664	3.6
252.176	3.68889
252.69	3.37778
253.204	3.46667
253.718	3.73333
254.229	3.46667
254.743	3.68889
255.257	3.77778
255.768	3.46667
256.282	3.73333
256.796	4
257.307	3.77778
257.821	3.64444
258.332	3.64444
258.846	3.91111
259.359	4.08889
259.871	3.46667
260.384	3.91111
260.898	3.86667
261.409	3.73333
261.922	3.86667
262.434	4.04444
262.947	4
263.46	4.35556
263.971	4
264.485	4.08889
264.996	4
265.509	4.48889
266.02	4.08889
266.533	4.75556
267.044	4.62222
267.557	4.53333
268.07	4.75556
268.581	4.88889
269.094	4.53333
269.605	5.28889
270.118	4.75556
270.629	4.97778
271.141	4.97778
271.652	4.84444
272.165	4.8
272.676	4.57778
273.188	4.62222
273.699	4.75556
274.212	4.62222
274.722	4.44444
275.233	4.48889
275.745	4.44444
276.256	4.44444
276.769	4.88889
277.279	4.93333
277.791	4.97778
278.302	4.71111
278.814	5.11111
279.325	5.06667
279.835	4.97778
280.347	4.84444
280.857	4.88889
281.37	4.71111
281.88	4.48889
282.39	4.84444
282.902	4.84444
283.412	4.4
283.922	4.35556
284.435	4.44444
284.945	4.44444
285.455	4.62222
285.967	4.8
286.477	4.26667
286.988	4.31111
287.498	4.35556
288.008	4
288.518	3.91111
289.03	3.95556
289.54	4.13333
290.049	3.77778
290.561	3.68889
291.071	3.77778
291.58	3.64444
292.092	3.6
292.602	3.68889
293.111	3.6
293.621	3.77778
294.132	3.46667
294.642	3.86667
295.151	3.64444
295.661	3.64444
296.172	3.24444
296.682	3.2
297.191	3.02222
297.7	2.8
298.209	3.15556
298.721	3.33333
299.23	3.15556
299.739	3.11111
300.248	2.84444
300.758	2.8
301.269	3.02222
301.778	3.02222
302.287	3.06667
302.796	2.97778
303.305	2.93333
303.814	3.15556
304.325	3.06667
304.834	3.2
305.343	2.84444
305.852	3.2
306.36	3.15556
306.869	2.97778
307.378	3.2
307.889	3.06667
308.397	3.02222
308.906	2.8
309.415	2.71111
309.923	2.57778
310.432	2.57778
310.941	2.8
311.449	2.62222
311.958	2.84444
312.466	2.84444
312.975	2.84444
313.483	2.44444
313.991	2.48889
314.5	2.75556
315.01	2.62222
315.519	2.4
316.027	2.8
316.535	2.44444
317.043	2.62222
317.552	2.75556
318.06	2.75556
318.568	2.88889
319.076	2.8
319.584	2.88889
320.092	2.8
320.6	2.84444
321.106	2.31111
321.614	2.53333
322.122	2.75556
322.63	2.48889
323.138	2.84444
323.646	2.66667
324.154	2.71111
324.662	3.11111
325.169	2.71111
325.677	2.48889
326.185	2.62222
326.693	2.71111
327.2	2.84444
327.708	2.66667
328.213	2.66667
328.721	2.84444
329.229	2.8
329.736	2.48889
330.244	2.44444
330.751	2.88889
331.259	2.75556
331.766	2.71111
332.271	2.75556
332.779	3.02222
333.286	2.75556
333.793	2.88889
334.301	2.93333
334.808	2.62222
335.313	2.84444
335.82	2.93333
336.327	2.97778
336.835	2.97778
337.342	2.62222
337.847	3.2
338.354	2.84444
338.861	3.06667
339.368	2.71111
339.873	3.24444
340.38	3.11111
340.887	3.2
341.394	2.93333
341.898	2.97778
342.405	3.02222
342.912	2.75556
343.419	3.06667
343.923	2.84444
344.43	2.88889
344.937	2.93333
345.444	2.75556
345.948	2.84444
346.455	3.15556
346.961	2.71111
347.466	2.75556
347.972	3.02222
348.479	2.66667
348.983	2.93333
349.49	3.15556
349.996	3.24444
350.501	3.02222
351.007	3.2
351.513	2.97778
352.017	3.24444
352.524	2.71111
353.028	3.06667
353.534	3.33333
354.04	3.15556
354.545	3.37778
355.051	2.84444
355.555	3.06667
356.061	3.24444
356.567	3.06667
357.071	2.88889
357.577	3.51111
358.081	3.11111
358.587	2.88889
359.091	3.37778
359.596	3.24444
360.102	2.88889
360.606	2.97778
361.112	3.02222
361.616	3.28889
362.121	3.28889
362.625	3.42222
363.131	3.15556
363.634	3.37778
364.14	3.46667
364.644	3.28889
365.149	3.42222
365.653	3.64444
366.158	3.28889
366.662	3.2
367.167	3.24444
367.671	3.37778
368.176	3.28889
368.679	2.88889
369.183	3.15556
369.688	2.75556
370.191	2.75556
370.696	3.11111
371.2	2.57778
371.705	2.84444
372.208	2.48889
372.711	2.62222
373.216	2.62222
373.719	2.62222
374.224	2.57778
374.727	2.66667
375.23	2.44444
375.735	2.71111
376.238	2.62222
376.741	2.4
377.246	2.57778
377.749	2.71111
378.252	2.8
378.757	2.53333
379.259	2.53333
379.762	2.8
380.267	2.66667
380.77	2.48889
381.272	2.62222
381.777	2.97778
382.279	2.53333
382.782	2.8
383.287	2.84444
383.789	2.62222
384.292	2.53333
384.794	2.62222
385.299	2.48889
385.801	2.35556
386.303	2.75556
386.808	2.53333
387.31	2.71111
387.812	2.44444
388.315	2.66667
388.817	2.71111
389.321	2.93333
389.823	2.71111
390.325	2.48889
390.828	2.48889
391.33	2.8
391.834	2.48889
392.336	2.48889
392.838	2.4
393.34	2.53333
393.842	2.48889
394.346	2.53333
394.848	2.35556
395.35	2.48889
395.851	2.97778
396.353	2.75556
396.855	2.71111
397.357	2.31111
397.861	2.44444
398.362	2.75556
398.864	2.4
399.366	2.8
399.867	2.35556
400.369	2.44444
400.87	2.53333
401.372	2.75556
401.873	2.71111
402.375	2.48889
402.878	2.8
403.38	2.44444
403.881	2.62222
404.383	2.62222
404.884	2.62222
405.385	2.71111
405.887	2.62222
406.388	2.8
406.889	2.8
407.39	2.75556
407.892	2.44444
408.393	2.62222
408.894	2.71111
409.395	3.15556
409.896	2.66667
410.397	2.93333
410.898	2.8
411.399	2.66667
411.9	2.71111
412.401	2.8
412.902	2.8
413.403	2.75556
413.904	3.15556
414.405	2.53333
414.905	3.2
415.406	2.71111
415.905	2.8
416.406	3.02222
416.906	3.06667
417.407	2.84444
417.908	2.8
418.408	2.8
418.909	2.88889
419.409	2.88889
419.91	3.11111
420.41	3.02222
420.909	3.33333
421.409	3.33333
421.91	3.33333
422.41	2.75556
422.91	3.55556
423.411	3.37778
423.909	3.37778
424.409	3.37778
424.91	3.42222
425.41	3.37778
425.91	4.04444
426.41	3.51111
426.908	3.82222
427.408	4.17778
427.909	4
428.409	3.95556
428.909	3.86667
429.407	4.08889
429.907	4.44444
430.407	3.91111
430.907	4.08889
431.404	4.62222
431.904	3.91111
432.404	4.26667
432.904	4.26667
433.402	4.17778
433.901	4
434.401	4.13333
434.899	3.82222
435.399	3.55556
435.898	3.73333
436.398	3.46667
436.895	3.51111
437.395	3.11111
437.895	3.37778
438.392	3.15556
438.892	3.42222
439.391	3.06667
439.888	3.33333
440.388	3.28889
440.887	3.6
441.385	3.15556
441.884	3.37778
442.381	3.46667
442.88	3.33333
443.38	3.6
443.877	3.2
444.376	3.55556
444.873	3.42222
445.372	3.82222
445.871	4
446.368	3.64444
446.868	3.46667
447.365	3.6
447.864	3.37778
448.36	3.6
448.859	3.6
449.358	3.42222
449.855	3.51111
450.354	3.82222
450.851	3.82222
451.35	3.73333
451.846	4.04444
452.345	3.77778
452.842	3.77778
453.341	3.64444
453.837	4.44444
454.336	4.35556
454.832	4.44444
455.331	4.66667
455.828	4.31111
456.326	4.04444
456.823	4.22222
457.321	4.4
457.818	4.26667
458.314	4.57778
458.812	4.26667
459.309	4.44445
459.807	3.95556
460.303	4.04444
460.802	3.33333
461.298	3.55556
461.794	3.06667
462.292	3.24444
462.788	2.97778
463.287	3.11111
463.783	2.66667
464.279	3.28889
464.777	2.88889
465.273	3.2
465.769	3.06667
466.267	2.93333
466.763	2.71111
467.259	3.24444
467.757	3.02222
468.253	3.06667
468.748	3.51111
469.246	3.06667
469.742	3.2
470.238	2.88889
470.736	3.15556
471.231	3.2
471.727	3.28889
472.225	2.84444
472.72	3.15556
473.216	3.42222
473.711	3.11111
474.209	3.2
474.704	3.33333
475.2	3.33333
475.695	3.42222
476.193	3.51111
476.688	4.13333
477.184	4.22222
477.679	4.57778
478.176	4.04444
478.672	3.95556
479.167	3.24444
479.662	2.66667
480.157	2.44444
480.655	2.44444
481.15	2.4
481.645	2.26667
482.14	2.26667
482.635	2.22222
483.13	1.95556
483.627	2.13333
484.122	2.22222
484.617	2.4
485.112	2.26667
485.607	2.13333
486.102	2.35556
486.597	2.35556
487.092	2.08889
487.588	2.04444
488.083	2.13333
488.578	1.82222
489.073	2.04444
489.567	2.22222
490.062	2.04444
490.557	2.31111
491.051	2.08889
491.546	2.13333
492.04	2.26667
492.535	1.95556
493.029	1.82222
493.524	2.35556
494.018	2.08889
494.513	2
495.007	2.17778
495.504	2.31111
495.998	2.17778
496.492	2
496.987	2.17778
497.481	2.26667
497.973	2.17778
498.467	2.26667
498.962	1.95556
499.456	2.13333
499.95	1.86667
500.444	2.08889
500.938	2.13333
501.432	2.04444
501.926	2.08889
502.42	2.04444
502.914	2.04444
503.408	2.08889
503.902	2.08889
504.396	2.31111
504.89	1.86667
505.384	1.95556
505.878	2.17778
506.369	2.57778
506.863	2.17778
507.357	2.04444
507.85	2.04444
508.344	2.22222
508.838	2.31111
509.331	2
509.823	1.91111
510.317	1.91111
510.81	2.04444
511.304	1.91111
511.797	1.95556
512.291	1.77778
512.782	2
513.275	2.08889
513.769	2.04444
514.262	2.04444
514.756	2.22222
515.247	2.04444
515.74	2.04444
516.233	2.48889
516.727	1.91111
517.218	1.82222
517.711	1.91111
518.204	2.04444
518.697	1.95556
519.188	2
519.681	2.13333
520.174	2.08889
520.667	1.73333
521.158	2.04444
521.651	1.73333
522.144	2
522.635	2
523.128	1.73333
523.621	2.04444
524.114	1.86667
524.605	1.51111
525.097	2.04444
525.59	1.77778
526.081	1.77778
526.574	1.91111
527.066	1.91111
527.557	1.82222
528.049	1.91111
528.54	1.82222
529.033	1.82222
529.525	1.73333
530.016	2.04444
530.508	2.17778
530.999	2.31111
531.491	1.91111
531.983	1.82222
532.474	1.86667
532.966	2.04444
533.456	1.77778
533.949	1.77778
534.441	1.73333
534.931	1.51111
535.423	1.91111
535.914	1.86667
536.406	2
536.896	1.68889
537.388	1.86667
537.878	1.91111
538.37	1.6
538.86	1.68889
539.352	1.77778
539.842	1.82222
540.334	1.91111
540.824	2
541.316	1.86667
541.806	1.77778
542.298	1.95556
542.787	2
543.279	1.91111
543.769	2
544.259	1.77778
544.75	2.13333
545.24	2.04444
545.732	2.08889
546.221	2
546.713	1.68889
547.202	1.91111
547.692	1.86667
548.184	1.82222
548.673	1.73333
549.164	1.95556
549.654	1.82222
550.143	1.86667
550.635	2.08889
551.124	1.68889
551.613	1.91111
552.105	1.64444
552.594	1.95556
553.083	1.77778
553.574	1.64444
554.064	1.91111
554.553	2.08889
555.044	1.82222
555.533	1.91111
556.022	1.64444
556.513	1.73333
557.002	1.82222
557.491	1.46667
557.982	1.95556
558.471	1.95556
558.96	2
559.449	1.95556
559.94	1.73333
560.429	1.86667
560.918	1.64444
561.406	1.91111
561.897	1.82222
562.386	2.04444
562.875	1.91111
563.363	2.22222
563.852	1.64444
564.343	1.91111
564.831	1.91111
565.32	2.04444
565.809	2.08889
566.297	1.95556
566.788	2
567.276	2.08889
567.765	1.82222
568.253	2.08889
568.741	1.86667
569.23	1.95556
569.718	2
570.208	1.68889
570.697	1.95556
571.185	1.86667
571.673	1.95556
572.161	1.77778
572.65	1.91111
573.138	1.95556
573.626	1.77778
574.114	1.86667
574.604	2.13333
575.092	1.86667
575.58	1.86667
576.068	1.86667
576.556	2
577.044	2.17778
577.532	1.77778
578.02	1.91111
578.508	2
578.996	2
579.484	2.08889
579.971	2.22222
580.459	1.77778
580.947	2.08889
581.435	2.13333
581.922	2
582.41	1.73333
582.898	1.82222
583.385	1.77778
583.873	1.95556
584.361	2.17778
584.848	2.04444
585.336	1.73333
585.823	1.64444
586.311	1.86667
586.798	1.64444
587.285	1.73333
587.771	1.82222
588.258	1.82222
588.745	2.04444
589.233	1.91111
589.72	2
590.207	1.95556
590.695	1.95556
591.182	1.77778
591.669	2.04444
592.156	1.82222
592.641	1.73333
593.128	1.77778
593.615	1.73333
594.102	1.95556
594.589	1.91111
595.076	1.95556
595.561	1.86667
596.048	1.95556
596.535	2.04444
597.022	2.22222
597.509	1.86667
597.994	1.77778
598.481	1.73333
598.967	2.04444
599.454	1.95556
599.941	1.86667
600.425	1.77778
600.912	1.86667
601.399	1.86667
601.885	1.77778
602.37	1.73333
602.857	2
603.343	1.51111
603.83	1.77778
604.314	1.82222
