86.938	0.444444
87.4632	0.444444
87.9905	0.444444
88.5157	0.4
89.0408	0.711111
89.5681	0.755556
90.0931	0.444444
90.6182	0.622222
91.1453	0.533333
91.6703	0.4
92.1953	0.577778
92.7223	0.622222
93.2472	0.933333
93.7721	0.8
94.2991	0.488889
94.8239	0.711111
95.3486	0.444444
95.8734	0.488889
96.4003	0.533333
96.9249	0.533333
97.4496	0.711111
97.9764	0.622222
98.501	0.622222
99.0255	0.844444
99.5501	0.711111
100.077	0.577778
100.601	0.755556
101.126	0.666667
101.65	0.488889
102.174	0.4
102.701	0.622222
103.225	0.666667
103.75	0.533333
104.274	0.533333
104.798	0.666667
105.324	0.711111
105.849	0.844444
106.373	0.888889
106.897	0.977778
107.421	0.8
107.947	0.8
108.471	0.711111
108.995	0.888889
109.519	0.888889
110.043	0.711111
110.567	0.577778
111.091	0.888889
111.617	0.666667
112.141	0.8
112.665	0.8
113.188	0.8
113.712	0.577778
114.236	0.844445
114.76	0.888889
115.283	0.8
115.807	0.755556
116.331	0.844444
116.856	0.933333
117.38	1.15556
117.903	1.11111
118.427	0.8
118.95	0.711111
119.474	0.888889
119.997	0.844444
120.52	0.977778
121.044	0.666667
121.567	0.844444
122.09	0.977778
122.614	0.711111
123.137	0.977778
123.66	0.888889
124.183	0.844444
124.706	0.666667
125.229	0.977778
125.752	1.06667
126.275	1.11111
126.798	0.577778
127.321	0.888889
127.844	0.977778
128.367	0.977778
128.89	1.06667
129.413	1.06667
129.936	1.06667
130.459	1.06667
130.982	0.888889
131.504	1.06667
132.025	0.977778
132.548	0.844444
133.07	1.2
133.593	1.11111
134.115	1.15556
134.638	0.977778
135.161	1.06667
135.683	1.55556
136.206	1.2
136.728	1.15556
137.248	1.33333
137.771	1.33333
138.293	1.42222
138.815	1.55556
139.338	2.13333
139.86	1.86667
140.382	1.73333
140.902	1.64444
141.425	2.08889
141.947	1.82222
142.469	1.73333
142.991	1.86667
143.513	1.95556
144.033	2
144.555	2.13333
145.077	2.48889
145.599	2.48889
146.121	2.44444
146.641	2.4
147.163	2.84444
147.684	2.66667
148.206	2.93333
148.726	2.62222
149.248	3.11111
149.769	3.11111
150.291	3.24444
150.811	3.33333
151.332	3.86667
151.854	3.64444
152.375	3.64444
152.895	3.55556
153.416	3.91111
153.938	4.13333
154.457	4.4
154.979	4.35556
155.5	4.26667
156.019	3.82222
156.541	3.91111
157.062	3.37778
157.581	3.46667
158.102	3.28889
158.624	3.55556
159.143	3.24444
159.664	2.93333
160.185	3.11111
160.704	3.51111
161.225	3.51111
161.746	3.73333
162.265	3.42222
162.786	3.46667
163.307	3.28889
163.826	3.6
164.347	3.42222
164.866	3.42222
165.386	3.64444
165.907	3.46667
166.426	3.95556
166.947	3.64444
167.465	3.42222
167.986	3.15556
168.505	3.55556
169.025	3.24444
169.544	3.2
170.064	3.6
170.585	3.06667
171.103	3.24444
171.624	3.28889
172.142	3.11111
172.663	2.75556
173.181	2.97778
173.701	2.88889
174.22	2.53333
174.74	2.93333
175.258	2.53333
175.778	3.02222
176.296	2.8
176.817	2.71111
177.335	2.62222
177.855	2.93333
178.373	2.62222
178.891	2.22222
179.411	2.71111
179.929	2.48889
180.449	2.75556
180.967	2.97778
181.487	2.8
182.005	2.57778
182.524	2.75556
183.042	2.48889
183.56	2.53333
184.08	2.57778
184.597	2.66667
185.117	2.88889
185.635	2.71111
186.152	2.57778
186.672	2.44444
187.189	2.48889
187.707	2.71111
188.227	2.75556
188.744	2.53333
189.264	2.66667
189.781	2.4
190.298	2.75556
190.818	2.71111
191.335	2.88889
191.852	2.66667
192.372	2.8
192.889	2.93333
193.406	2.8
193.923	3.11111
194.442	3.33333
194.959	3.11111
195.476	3.15556
195.996	2.97778
196.513	2.84444
197.03	3.2
197.547	3.11111
198.066	3.28889
198.582	3.28889
199.099	3.55556
199.616	3.46667
200.135	3.82222
200.652	3.68889
201.169	4.08889
201.685	3.82222
202.204	3.95556
202.721	4.26667
203.237	4.08889
203.754	4.53333
204.271	4.31111
204.789	4.8
205.306	5.15556
205.822	5.33333
206.339	5.82222
206.855	6.22222
207.371	6.48889
207.89	6.84444
208.406	7.02222
208.923	7.77778
209.439	8.31111
209.955	9.11111
210.471	9.73333
210.988	10.8889
211.506	12.3556
212.022	13.2889
212.538	14.3556
213.054	16.3111
213.57	18.6222
214.086	20.8444
214.602	24.8
215.118	28.0444
215.634	32.4
216.15	37.1111
216.668	41.2
217.184	42.5333
217.7	42.8444
218.216	40.2222
218.731	36.2667
219.247	31.7778
219.763	28.5333
220.278	23.3778
220.794	20.9778
221.31	18.4
221.825	16.4889
222.341	14.5778
222.856	13.6889
223.372	13.1111
223.887	12.1778
224.403	11.3778
224.918	10.8444
225.434	10.3111
225.949	10.5778
226.464	10.7111
226.98	10.1778
227.495	9.91111
228.01	10.5778
228.525	10.8444
229.041	10.9778
229.556	11.2444
230.069	10.1333
230.584	10.4
231.099	9.55556
231.614	9.77778
232.129	9.2
232.644	9.02222
233.159	8.75555
233.674	7.73333
234.189	7.46667
234.704	7.2
235.219	7.24444
235.731	6.93333
236.246	6.35556
236.761	6.57778
237.276	5.91111
237.79	6.26667
238.305	6.31111
238.818	6.35556
239.332	5.68889
239.847	5.42222
240.361	4.66667
240.876	4.44444
241.391	4.17778
241.903	3.86667
242.417	4
242.932	3.91111
243.446	3.51111
243.961	3.6
244.473	3.86667
244.987	3.55556
245.501	3.51111
246.016	3.33333
246.528	3.6
247.042	3.42222
247.556	3.37778
248.07	3.46667
248.582	3.24444
249.096	3.37778
249.61	3.51111
250.124	3.82222
250.636	3.68889
251.15	3.6
251.664	3.6
252.176	3.64444
252.69	3.51111
253.204	3.51111
253.718	3.37778
254.229	3.51111
254.743	3.51111
255.257	3.64444
255.768	4.08889
256.282	3.73333
256.796	3.68889
257.307	3.91111
257.821	3.68889
258.332	3.82222
258.846	3.73333
259.359	4
259.871	3.86667
260.384	3.86667
260.898	3.64444
261.409	3.73333
261.922	3.86667
262.434	3.91111
262.947	4
263.46	4.17778
263.971	4.4
264.485	3.95556
264.996	4.08889
265.509	4.66667
266.02	4.22222
266.533	4.48889
267.044	4.57778
267.557	4.57778
268.07	4.44444
268.581	4.57778
269.094	4.57778
269.605	4.8
270.118	5.15556
270.629	4.93333
271.141	4.62222
271.652	4.93333
272.165	4.53333
272.676	4.93333
273.188	4.84444
273.699	4.53333
274.212	4.62222
274.722	4.57778
275.233	4.93333
275.745	4.84444
276.256	4.62222
276.769	4.8
277.279	5.06667
277.791	4.66667
278.302	5.24444
278.814	4.66667
279.325	4.75556
279.835	5.11111
280.347	5.02222
280.857	4.71111
281.37	4.84444
281.88	4.71111
282.39	4.88889
282.902	4.8
283.412	4.66667
283.922	4.44444
284.435	4.04444
284.945	4.22222
285.455	4.48889
285.967	3.91111
286.477	4.31111
286.988	3.91111
287.498	4.08889
288.008	4
288.518	3.82222
289.03	3.42222
289.54	3.73333
290.049	3.64444
290.561	3.73333
291.071	3.64444
291.58	3.68889
292.092	3.55556
292.602	3.55556
293.111	3.46667
293.621	3.37778
294.132	3.33333
294.642	3.28889
295.151	3.24444
295.661	3.24444
296.172	3.46667
296.682	3.11111
297.191	3.2
297.7	2.93333
298.209	3.02222
298.721	2.66667
299.23	3.02222
299.739	3.02222
300.248	2.75556
300.758	2.93333
301.269	2.97778
301.778	2.8
302.287	2.93333
302.796	2.84444
303.305	2.75556
303.814	2.88889
304.325	3.02222
304.834	3.24444
305.343	2.93333
305.852	2.75556
306.36	2.75556
306.869	2.97778
307.378	2.93333
307.889	2.44444
308.397	3.02222
308.906	2.48889
309.415	2.48889
309.923	2.26667
310.432	2.53333
310.941	2.35556
311.449	2.31111
311.958	2.57778
312.466	2.48889
312.975	2.35556
313.483	2.62222
313.991	2.48889
314.5	2.53333
315.01	2.57778
315.519	2.62222
316.027	2.53333
316.535	2.4
317.043	2.48889
317.552	2.4
318.06	2.35556
318.568	2.53333
319.076	2.31111
319.584	2.44444
320.092	2.48889
320.6	2.4
321.106	2.35556
321.614	2.35556
322.122	2.44444
322.63	2.53333
323.138	2.53333
323.646	2.17778
324.154	2.31111
324.662	2.26667
325.169	2.57778
325.677	2.66667
326.185	2.62222
326.693	2.75556
327.2	2.8
327.708	2.57778
328.213	2.88889
328.721	2.44444
329.229	2.8
329.736	2.93333
330.244	2.62222
330.751	2.71111
331.259	2.48889
331.766	2.48889
332.271	2.62222
332.779	2.75556
333.286	2.71111
333.793	2.35556
334.301	2.8
334.808	2.75556
335.313	2.57778
335.82	2.75556
336.327	2.62222
336.835	2.84444
337.342	3.11111
337.847	2.88889
338.354	2.88889
338.861	2.71111
339.368	2.97778
339.873	2.93333
340.38	2.62222
340.887	2.75556
341.394	2.84444
341.898	3.02222
342.405	2.97778
342.912	2.75556
343.419	2.88889
343.923	2.88889
344.43	2.75556
344.937	2.48889
345.444	2.62222
345.948	2.71111
346.455	2.75556
346.961	2.71111
347.466	2.57778
347.972	2.97778
348.479	2.57778
348.983	2.75556
349.49	2.71111
349.996	3.02222
350.501	2.8
351.007	3.02222
351.513	3.15556
352.017	3.15556
352.524	2.84444
353.028	3.11111
353.534	2.66667
354.04	2.84444
354.545	2.75556
355.051	2.93333
355.555	3.11111
356.061	2.88889
356.567	3.28889
357.071	3.02222
357.577	2.84444
358.081	3.15556
358.587	2.97778
359.091	2.71111
359.596	3.24444
360.102	2.93333
360.606	3.06667
361.112	2.93333
361.616	2.88889
362.121	3.2
362.625	3.02222
363.131	3.06667
363.634	3.24444
364.14	3.24444
364.644	3.06667
365.149	3.06667
365.653	3.33333
366.158	3.42222
366.662	3.33333
367.167	3.06667
367.671	3.06667
368.176	3.15556
368.679	2.75556
369.183	2.75556
369.688	2.66667
370.191	2.48889
370.696	2.66667
371.2	2.4
371.705	2.62222
372.208	2.31111
372.711	2.44444
373.216	2.71111
373.719	2.35556
374.224	2.31111
374.727	2.48889
375.23	2.48889
375.735	2.26667
376.238	2.31111
376.741	2.66667
377.246	2.17778
377.749	2.31111
378.252	2.44444
378.757	2.4
379.259	2.44444
379.762	2.62222
380.267	2.35556
380.77	2.57778
381.272	2.4
381.777	2.53333
382.279	2.44444
382.782	2.31111
383.287	2.53333
383.789	2.57778
384.292	2.44444
384.794	2.26667
385.299	2.26667
385.801	2.53333
386.303	2.17778
386.808	2.48889
387.31	2.57778
387.812	2.44444
388.315	2.62222
388.817	2.53333
389.321	2.04444
389.823	2.66667
390.325	2.48889
390.828	2.31111
391.33	2.53333
391.834	2.35556
392.336	2.75556
392.838	2.44444
393.34	2.4
393.842	2.08889
394.346	2.22222
394.848	2.44444
395.35	2.31111
395.851	2.48889
396.353	2.17778
396.855	2.48889
397.357	2.4
397.861	2.4
398.362	2.48889
398.864	2.8
399.366	2.48889
399.867	2.62222
400.369	2.4
400.87	2.62222
401.372	2.53333
401.873	2.44444
402.375	2.4
402.878	2.35556
403.38	2.26667
403.881	2.8
404.383	2.48889
404.884	2.35556
405.385	2.4
405.887	2.62222
406.388	2.53333
406.889	2.53333
407.39	2.66667
407.892	2.66667
408.393	2.44444
408.894	2.62222
409.395	2.53333
409.896	2.71111
410.397	2.48889
410.898	2.62222
411.399	2.4
411.9	2.62222
412.401	2.35556
412.902	2.84444
413.403	2.71111
413.904	2.62222
414.405	2.62222
414.905	2.84444
415.406	2.71111
415.905	2.62222
416.406	2.8
416.906	2.88889
417.407	2.71111
417.908	2.93333
418.408	3.06667
418.909	2.93333
419.409	2.53333
419.91	2.84444
420.41	2.93333
420.909	3.06667
421.409	3.06667
421.91	3.2
422.41	3.28889
422.91	3.33333
423.411	3.02222
423.909	3.06667
424.409	2.84444
424.91	3.28889
425.41	3.37778
425.91	3.28889
426.41	3.68889
426.908	3.73333
427.408	3.64444
427.909	3.91111
428.409	4.04444
428.909	3.91111
429.407	3.91111
429.907	3.82222
430.407	3.82222
430.907	3.86667
431.404	4
431.904	4.17778
432.404	3.95556
432.904	4.17778
433.402	3.77778
433.901	3.51111
434.401	4
434.899	3.51111
435.399	3.64444
435.898	3.51111
436.398	3.33333
436.895	3.06667
437.395	3.2
437.895	3.06667
438.392	3.51111
438.892	3.2
439.391	3.2
439.888	2.93333
440.388	3.46667
440.887	3.24444
441.385	3.33333
441.884	3.11111
442.381	3.42222
442.88	3.33333
443.38	3.6
443.877	3.6
444.376	3.33333
444.873	3.2
445.372	3.33333
445.871	3.42222
446.368	3.42222
446.868	3.51111
447.365	3.42222
447.864	3.42222
448.36	3.73333
448.859	3.24444
449.358	3.24444
449.855	3.37778
450.354	3.55556
450.851	3.95556
451.35	3.73333
451.846	3.51111
452.345	3.86667
452.842	3.68889
453.341	4.17778
453.837	3.91111
454.336	4.44444
454.832	4.04444
455.331	3.95556
455.828	4.22222
456.326	4.17778
456.823	3.95556
457.321	4.04444
457.818	4.31111
458.314	4
458.812	3.68889
459.309	4.04444
459.807	3.86667
460.303	3.42222
460.802	3.37778
461.298	2.88889
461.794	2.93333
462.292	2.66667
462.788	2.71111
463.287	2.48889
463.783	2.66667
464.279	2.75556
464.777	2.57778
465.273	2.66667
465.769	2.84444
466.267	2.84444
466.763	2.8
467.259	2.75556
467.757	2.62222
468.253	2.71111
468.748	2.84444
469.246	2.71111
469.742	2.97778
470.238	2.88889
470.736	2.75556
471.231	2.66667
471.727	2.71111
472.225	2.8
472.72	2.88889
473.216	2.84444
473.711	3.02222
474.209	2.93333
474.704	2.97778
475.2	3.42222
475.695	3.28889
476.193	3.6
476.688	3.73333
477.184	4.04444
477.679	4
478.176	4.13333
478.672	3.37778
479.167	2.75556
479.662	2.66667
480.157	2.13333
480.655	2.26667
481.15	2.04444
481.645	2
482.14	2
482.635	1.86667
483.13	1.77778
483.627	1.77778
484.122	2.13333
484.617	1.77778
485.112	2
485.607	1.91111
486.102	1.82222
486.597	1.64444
487.092	1.91111
487.588	2.08889
488.083	1.95556
488.578	1.95556
489.073	1.91111
489.567	1.86667
490.062	2.22222
490.557	2.13333
491.051	1.86667
491.546	1.95556
492.04	1.86667
492.535	1.91111
493.029	2.08889
493.524	1.91111
494.018	1.77778
494.513	2.08889
495.007	1.82222
495.504	1.86667
495.998	1.51111
496.492	1.91111
496.987	1.86667
497.481	1.86667
497.973	1.64444
498.467	1.73333
498.962	1.86667
499.456	1.73333
499.95	2.08889
500.444	1.91111
500.938	1.77778
501.432	1.77778
501.926	1.91111
502.42	1.86667
502.914	1.68889
503.408	2
503.902	1.51111
504.396	2
504.89	1.37778
505.384	1.64444
505.878	1.77778
506.369	1.86667
506.863	2.08889
507.357	1.68889
507.85	1.68889
508.344	1.68889
508.838	2.04444
509.331	1.6
509.823	1.77778
510.317	1.77778
510.81	1.82222
511.304	1.82222
511.797	1.82222
512.291	1.64444
512.782	1.73333
513.275	1.95556
513.769	1.77778
514.262	2
514.756	1.86667
515.247	1.73333
515.74	2.17778
516.233	1.77778
516.727	1.91111
517.218	1.68889
517.711	1.86667
518.204	1.91111
518.697	1.77778
519.188	1.46667
519.681	1.42222
520.174	1.77778
520.667	1.68889
521.158	1.86667
521.651	1.77778
522.144	1.6
522.635	1.46667
523.128	1.51111
523.621	1.6
524.114	1.42222
524.605	1.68889
525.097	1.64444
525.59	1.68889
526.081	1.86667
526.574	1.28889
527.066	1.46667
527.557	1.46667
528.049	1.6
528.54	1.55556
529.033	1.6
529.525	1.86667
530.016	1.64444
530.508	1.82222
530.999	1.68889
531.491	1.55556
531.983	1.68889
532.474	1.73333
532.966	1.51111
533.456	1.55556
533.949	1.55556
534.441	1.82222
534.931	1.64444
535.423	1.68889
535.914	1.64444
536.406	1.91111
536.896	1.86667
537.388	1.42222
537.878	1.55556
538.37	1.42222
538.86	1.51111
539.352	1.73333
539.842	1.64444
540.334	1.46667
540.824	1.73333
541.316	1.64444
541.806	1.73333
542.298	1.77778
542.787	1.55556
543.279	1.51111
543.769	1.55556
544.259	1.33333
544.75	1.95556
545.24	1.73333
545.732	1.6
546.221	1.51111
546.713	1.55556
547.202	1.64444
547.692	1.51111
548.184	1.55556
548.673	1.37778
549.164	1.46667
549.654	1.51111
550.143	1.46667
550.635	1.6
551.124	1.82222
551.613	1.64444
552.105	1.6
552.594	1.6
553.083	1.64444
553.574	1.73333
554.064	1.6
554.553	1.6
555.044	1.37778
555.533	1.82222
556.022	1.86667
556.513	1.77778
557.002	1.55556
557.491	1.6
557.982	1.82222
558.471	1.73333
558.96	1.46667
559.449	1.64444
559.94	1.6
560.429	1.77778
560.918	1.51111
561.406	1.64444
561.897	1.37778
562.386	1.73333
562.875	1.64444
563.363	1.6
563.852	1.51111
564.343	1.55556
564.831	1.64444
565.32	1.68889
565.809	1.64444
566.297	1.68889
566.788	1.55556
567.276	1.73333
567.765	1.51111
568.253	1.46667
568.741	2
569.23	1.64444
569.718	1.51111
570.208	1.82222
570.697	1.82222
571.185	1.64444
571.673	1.6
572.161	1.68889
572.65	1.55556
573.138	1.46667
573.626	1.77778
574.114	1.55556
574.604	1.64444
575.092	1.6
575.58	1.73333
576.068	1.64444
576.556	1.6
577.044	1.64444
577.532	1.82222
578.02	1.64444
578.508	1.64444
578.996	1.68889
579.484	1.6
579.971	1.73333
580.459	1.51111
580.947	1.73333
581.435	1.73333
581.922	1.73333
582.41	1.6
582.898	1.46667
583.385	1.64444
583.873	1.6
584.361	1.77778
584.848	1.6
585.336	1.42222
585.823	1.6
586.311	1.68889
586.798	1.95556
587.285	1.24444
587.771	1.51111
588.258	1.6
588.745	1.6
589.233	1.37778
589.72	1.55556
590.207	1.51111
590.695	1.55556
591.182	1.37778
591.669	1.68889
592.156	1.51111
592.641	1.68889
593.128	1.6
593.615	1.46667
594.102	1.55556
594.589	1.42222
595.076	1.55556
595.561	1.55556
596.048	1.42222
596.535	1.51111
597.022	1.68889
597.509	1.46667
597.994	1.24444
598.481	1.68889
598.967	1.64444
599.454	1.55556
599.941	1.6
600.425	1.37778
600.912	1.73333
601.399	1.64444
601.885	1.51111
602.37	1.55556
602.857	1.68889
603.343	1.24444
603.83	1.51111
604.314	1.6
