86.938	0.4
87.4632	0.355556
87.9905	0.533333
88.5157	0.577778
89.0408	0.666667
89.5681	0.533333
90.0931	0.622222
90.6182	0.488889
91.1453	0.533333
91.6703	0.488889
92.1953	0.533333
92.7223	0.533333
93.2472	0.577778
93.7721	0.622222
94.2991	0.8
94.8239	0.666667
95.3486	0.533333
95.8734	0.355556
96.4003	0.488889
96.9249	0.577778
97.4496	0.355556
97.9764	0.666667
98.501	0.577778
99.0255	0.711111
99.5501	0.844444
100.077	0.533333
100.601	0.666667
101.126	0.711111
101.65	0.666667
102.174	0.577778
102.701	0.488889
103.225	0.533333
103.75	0.666667
104.274	0.666667
104.798	0.8
105.324	0.711111
105.849	0.711111
106.373	0.933333
106.897	1.02222
107.421	0.844444
107.947	0.844444
108.471	0.755556
108.995	0.622222
109.519	0.577778
110.043	0.444444
110.567	0.888889
111.091	0.622222
111.617	0.755556
112.141	0.4
112.665	0.977778
113.188	0.666667
113.712	0.577778
114.236	0.711111
114.76	0.977778
115.283	0.577778
115.807	0.666667
116.331	0.844444
116.856	0.844444
117.38	0.844444
117.903	0.933333
118.427	0.844444
118.95	0.533333
119.474	0.933333
119.997	1.02222
120.52	0.844444
121.044	0.888889
121.567	0.533333
122.09	0.711111
122.614	1.11111
123.137	1.06667
123.66	0.933333
124.183	0.888889
124.706	0.844444
125.229	1.02222
125.752	1.06667
126.275	0.666667
126.798	1.02222
127.321	0.933333
127.844	0.933333
128.367	1.02222
128.89	0.933333
129.413	0.977778
129.936	1.33333
130.459	0.933333
130.982	1.11111
131.504	0.8
132.025	1.28889
132.548	0.933333
133.07	1.06667
133.593	1.06667
134.115	0.888889
134.638	1.02222
135.161	1.15556
135.683	1.37778
136.206	1.46667
136.728	1.15556
137.248	1.37778
137.771	1.33333
138.293	1.42222
138.815	1.64444
139.338	1.6
139.86	1.77778
140.382	1.68889
140.902	1.77778
141.425	1.68889
141.947	1.68889
142.469	1.77778
142.991	1.73333
143.513	1.91111
144.033	1.73333
144.555	2.17778
145.077	2.35556
145.599	2.04444
146.121	2.57778
146.641	2.48889
147.163	2.44444
147.684	2.8
148.206	2.75556
148.726	2.93333
149.248	2.93333
149.769	3.06667
150.291	3.2
150.811	3.28889
151.332	3.2
151.854	3.2
152.375	3.51111
152.895	3.86667
153.416	3.55556
153.938	3.73333
154.457	3.91111
154.979	3.91111
155.5	3.95556
156.019	3.86667
156.541	3.82222
157.062	3.37778
157.581	3.11111
158.102	3.37778
158.624	2.84444
159.143	3.11111
159.664	3.15556
160.185	3.24444
160.704	3.42222
161.225	3.55556
161.746	3.15556
162.265	3.24444
162.786	3.55556
163.307	3.6
163.826	3.28889
164.347	3.37778
164.866	3.37778
165.386	3.15556
165.907	3.42222
166.426	3.42222
166.947	3.28889
167.465	3.15556
167.986	3.2
168.505	2.84444
169.025	2.71111
169.544	2.97778
170.064	2.97778
170.585	3.2
171.103	3.06667
171.624	3.33333
172.142	2.75556
172.663	2.84444
173.181	2.88889
173.701	2.8
174.22	2.66667
174.74	2.48889
175.258	2.48889
175.778	2.8
176.296	2.75556
176.817	2.75556
177.335	2.57778
177.855	2.35556
178.373	2.48889
178.891	2.35556
179.411	2.08889
179.929	2.48889
180.449	2.4
180.967	2.66667
181.487	2.35556
182.005	2.48889
182.524	2.62222
183.042	2.8
183.56	2.26667
184.08	2.31111
184.597	2.4
185.117	2.4
185.635	2.57778
186.152	2.44444
186.672	2.26667
187.189	2.66667
187.707	2.53333
188.227	2.53333
188.744	2.66667
189.264	2.84444
189.781	2.62222
190.298	2.57778
190.818	2.44444
191.335	2.57778
191.852	2.66667
192.372	2.62222
192.889	2.48889
193.406	2.71111
193.923	2.57778
194.442	2.8
194.959	2.66667
195.476	2.66667
195.996	3.02222
196.513	3.02222
197.03	3.28889
197.547	2.75556
198.066	2.84444
198.582	3.11111
199.099	3.02222
199.616	3.06667
200.135	3.02222
200.652	3.37778
201.169	3.2
201.685	4
202.204	3.82222
202.721	4
203.237	4.17778
203.754	4.35556
204.271	4.44444
204.789	4.57778
205.306	4.8
205.822	5.06667
206.339	5.37778
206.855	5.68889
207.371	5.91111
207.89	6.4
208.406	6.88889
208.923	7.02222
209.439	7.6
209.955	8.4
210.471	9.28889
210.988	10.1778
211.506	11.1556
212.022	11.9556
212.538	13.7778
213.054	15.3778
213.57	17.2
214.086	19.0222
214.602	22.3556
215.118	25.4222
215.634	30.1333
216.15	33.4222
216.668	36.9778
217.184	38.1778
217.7	37.7778
218.216	36.1333
218.731	33.3778
219.247	29.3778
219.763	25.7333
220.278	22.9778
220.794	19.2
221.31	16.6222
221.825	14.9778
222.341	14.4444
222.856	13.1556
223.372	12.3111
223.887	11.1556
224.403	10.7111
224.918	10.5778
225.434	9.86667
225.949	9.37778
226.464	9.33333
226.98	9.64445
227.495	9.28889
228.01	9.46667
228.525	9.51111
229.041	9.2
229.556	9.46667
230.069	9.28889
230.584	8.66667
231.099	8.44444
231.614	8.04445
232.129	7.82222
232.644	7.77778
233.159	7.64444
233.674	7.37778
234.189	7.33333
234.704	7.15556
235.219	6.8
235.731	6.53333
236.246	6.4
236.761	6.4
237.276	6.53333
237.79	6.66667
238.305	6.75556
238.818	6.84444
239.332	6.71111
239.847	5.64444
240.361	4.71111
240.876	4.57778
241.391	3.91111
241.903	4.17778
242.417	3.73333
242.932	3.24444
243.446	3.46667
243.961	3.64444
244.473	3.64444
244.987	3.46667
245.501	3.37778
246.016	3.37778
246.528	3.28889
247.042	3.15556
247.556	3.28889
248.07	3.55556
248.582	3.06667
249.096	3.64444
249.61	3.51111
250.124	3.24444
250.636	3.37778
251.15	3.46667
251.664	3.46667
252.176	3.42222
252.69	3.46667
253.204	3.2
253.718	3.42222
254.229	3.11111
254.743	3.11111
255.257	3.33333
255.768	3.6
256.282	3.42222
256.796	3.46667
257.307	3.37778
257.821	3.37778
258.332	3.77778
258.846	3.77778
259.359	3.6
259.871	3.33333
260.384	3.55556
260.898	3.64444
261.409	4.04444
261.922	3.73333
262.434	3.68889
262.947	4
263.46	3.37778
263.971	3.82222
264.485	3.95556
264.996	4.04444
265.509	4.13333
266.02	4.22222
266.533	4.22222
267.044	4.31111
267.557	4.48889
268.07	4.48889
268.581	4.57778
269.094	4.53333
269.605	4.48889
270.118	4.44444
270.629	5.11111
271.141	4.66667
271.652	4.53333
272.165	4.57778
272.676	4.62222
273.188	4.44444
273.699	4.57778
274.212	4.22222
274.722	4.62222
275.233	4.26667
275.745	4.53333
276.256	4.4
276.769	4.57778
277.279	4.57778
277.791	4.8
278.302	4.26667
278.814	4.53333
279.325	4.75556
279.835	4.66667
280.347	4.48889
280.857	4.4
281.37	4.62222
281.88	4.4
282.39	4.17778
282.902	4.13333
283.412	4.26667
283.922	4.31111
284.435	4.48889
284.945	4.04444
285.455	4.17778
285.967	3.91111
286.477	4
286.988	3.77778
287.498	4.04444
288.008	3.68889
288.518	3.55556
289.03	3.42222
289.54	3.82222
290.049	3.82222
290.561	3.55556
291.071	3.28889
291.58	3.51111
292.092	3.51111
292.602	3.46667
293.111	3.37778
293.621	3.37778
294.132	3.11111
294.642	3.37778
295.151	3.24444
295.661	3.02222
296.172	3.06667
296.682	3.46667
297.191	2.88889
297.7	3.02222
298.209	2.8
298.721	3.06667
299.23	2.88889
299.739	3.06667
300.248	2.97778
300.758	2.88889
301.269	3.15556
301.778	3.02222
302.287	2.97778
302.796	3.02222
303.305	2.97778
303.814	2.75556
304.325	3.02222
304.834	2.44444
305.343	2.88889
305.852	2.75556
306.36	2.88889
306.869	2.62222
307.378	2.97778
307.889	2.84444
308.397	2.57778
308.906	2.62222
309.415	2.57778
309.923	2.53333
310.432	2.4
310.941	2.31111
311.449	2.4
311.958	2.53333
312.466	2.4
312.975	2.31111
313.483	2.4
313.991	2.66667
314.5	2.62222
315.01	2.44444
315.519	2.48889
316.027	2.57778
316.535	2.22222
317.043	2.4
317.552	2.48889
318.06	2.62222
318.568	2.62222
319.076	2.4
319.584	2.35556
320.092	2.62222
320.6	2.26667
321.106	2.62222
321.614	2.4
322.122	2.57778
322.63	2.53333
323.138	2.44444
323.646	2.57778
324.154	2.35556
324.662	2.53333
325.169	2.97778
325.677	2.8
326.185	2.57778
326.693	2.57778
327.2	2.48889
327.708	2.62222
328.213	2.66667
328.721	2.57778
329.229	2.71111
329.736	2.62222
330.244	2.62222
330.751	3.11111
331.259	2.66667
331.766	2.4
332.271	2.57778
332.779	2.53333
333.286	2.53333
333.793	2.88889
334.301	2.84444
334.808	2.53333
335.313	2.75556
335.82	2.53333
336.327	3.06667
336.835	2.75556
337.342	2.62222
337.847	2.62222
338.354	2.75556
338.861	2.62222
339.368	2.62222
339.873	3.06667
340.38	2.93333
340.887	2.31111
341.394	2.75556
341.898	2.57778
342.405	2.71111
342.912	2.44444
343.419	2.75556
343.923	2.62222
344.43	3.06667
344.937	2.88889
345.444	2.57778
345.948	2.62222
346.455	2.66667
346.961	2.71111
347.466	2.88889
347.972	2.84444
348.479	2.53333
348.983	2.8
349.49	2.71111
349.996	2.62222
350.501	2.66667
351.007	2.88889
351.513	2.8
352.017	2.71111
352.524	2.66667
353.028	2.62222
353.534	2.93333
354.04	2.75556
354.545	2.8
355.051	2.84444
355.555	2.71111
356.061	2.84444
356.567	2.71111
357.071	2.93333
357.577	3.2
358.081	2.8
358.587	2.62222
359.091	2.71111
359.596	3.2
360.102	3.2
360.606	2.93333
361.112	2.66667
361.616	3.2
362.121	3.02222
362.625	3.11111
363.131	3.02222
363.634	2.84444
364.14	3.28889
364.644	3.11111
365.149	3.02222
365.653	2.75556
366.158	3.06667
366.662	3.06667
367.167	2.93333
367.671	3.15556
368.176	2.8
368.679	2.75556
369.183	2.84444
369.688	2.71111
370.191	2.57778
370.696	2.53333
371.2	2.53333
371.705	2.31111
372.208	2.4
372.711	2.26667
373.216	2.4
373.719	2.31111
374.224	2.26667
374.727	2.35556
375.23	2.31111
375.735	2.62222
376.238	2.13333
376.741	2.44444
377.246	2.44444
377.749	2.53333
378.252	2.22222
378.757	2.48889
379.259	2.31111
379.762	2.53333
380.267	2.71111
380.77	2.75556
381.272	2.53333
381.777	2.57778
382.279	2.26667
382.782	2.26667
383.287	2
383.789	2.66667
384.292	2.44444
384.794	2.44444
385.299	2.44444
385.801	2.26667
386.303	2.53333
386.808	2.31111
387.31	2.35556
387.812	2.62222
388.315	2.44444
388.817	2.31111
389.321	2.35556
389.823	2.22222
390.325	2.26667
390.828	2.13333
391.33	2.22222
391.834	2.26667
392.336	2.48889
392.838	2.35556
393.34	2.31111
393.842	2.35556
394.346	2.35556
394.848	2.31111
395.35	2.4
395.851	2.31111
396.353	2.53333
396.855	2.35556
397.357	2.4
397.861	2.4
398.362	2.53333
398.864	2.48889
399.366	2.53333
399.867	2.48889
400.369	2.44444
400.87	2.44444
401.372	2.57778
401.873	2.62222
402.375	2.35556
402.878	2.35556
403.38	2.4
403.881	2.26667
404.383	2.53333
404.884	2.4
405.385	2.44444
405.887	2.4
406.388	2.53333
406.889	2.48889
407.39	2.53333
407.892	2.62222
408.393	2.62222
408.894	2.62222
409.395	2.57778
409.896	2.57778
410.397	2.53333
410.898	2.48889
411.399	2.17778
411.9	2.71111
412.401	2.66667
412.902	3.02222
413.403	2.66667
413.904	2.66667
414.405	2.8
414.905	2.66667
415.406	2.57778
415.905	2.57778
416.406	2.48889
416.906	2.57778
417.407	2.71111
417.908	2.62222
418.408	2.84444
418.909	2.8
419.409	2.84444
419.91	2.88889
420.41	2.93333
420.909	2.93333
421.409	2.8
421.91	2.75556
422.41	2.71111
422.91	3.11111
423.411	2.93333
423.909	3.15556
424.409	3.11111
424.91	3.24444
425.41	3.51111
425.91	3.28889
426.41	3.06667
426.908	3.28889
427.408	3.51111
427.909	3.6
428.409	3.55556
428.909	3.82222
429.407	3.82222
429.907	3.68889
430.407	3.46667
430.907	3.91111
431.404	4.26667
431.904	4
432.404	3.82222
432.904	3.86667
433.402	3.91111
433.901	3.6
434.401	3.64444
434.899	3.95556
435.399	3.46667
435.898	3.42222
436.398	3.11111
436.895	2.93333
437.395	2.84444
437.895	2.88889
438.392	3.02222
438.892	3.2
439.391	3.24444
439.888	2.84444
440.388	2.93333
440.887	2.93333
441.385	3.11111
441.884	3.28889
442.381	2.84444
442.88	3.2
443.38	2.88889
443.877	3.02222
444.376	3.46667
444.873	3.15556
445.372	3.42222
445.871	3.11111
446.368	3.42222
446.868	3.06667
447.365	3.11111
447.864	3.37778
448.36	3.55556
448.859	3.02222
449.358	3.37778
449.855	3.77778
450.354	3.24444
450.851	3.73333
451.35	3.51111
451.846	3.77778
452.345	4.17778
452.842	3.77778
453.341	4.04444
453.837	4.13333
454.336	3.82222
454.832	4.04444
455.331	4.08889
455.828	3.95556
456.326	4
456.823	3.95556
457.321	4.31111
457.818	4.04444
458.314	4
458.812	3.91111
459.309	3.91111
459.807	4.04444
460.303	3.28889
460.802	3.15556
461.298	3.2
461.794	3.15556
462.292	2.93333
462.788	2.8
463.287	2.71111
463.783	2.62222
464.279	2.62222
464.777	2.88889
465.273	2.71111
465.769	2.8
466.267	2.88889
466.763	2.97778
467.259	2.66667
467.757	2.71111
468.253	2.66667
468.748	2.71111
469.246	2.48889
469.742	2.75556
470.238	2.75556
470.736	2.4
471.231	2.93333
471.727	2.62222
472.225	3.15556
472.72	2.84444
473.216	2.84444
473.711	2.84444
474.209	2.93333
474.704	3.33333
475.2	3.37778
475.695	3.42222
476.193	3.42222
476.688	4
477.184	4.04444
477.679	4
478.176	3.77778
478.672	3.2
479.167	2.66667
479.662	2.66667
480.157	2.26667
480.655	2.31111
481.15	1.95556
481.645	1.95556
482.14	1.86667
482.635	2.08889
483.13	2.17778
483.627	2.17778
484.122	1.77778
484.617	2.04444
485.112	2.26667
485.607	1.86667
486.102	2
486.597	1.82222
487.092	1.73333
487.588	2
488.083	2.31111
488.578	1.95556
489.073	1.95556
489.567	2
490.062	1.77778
490.557	1.73333
491.051	1.82222
491.546	2.04444
492.04	2.08889
492.535	2.08889
493.029	1.95556
493.524	1.86667
494.018	1.95556
494.513	1.91111
495.007	1.68889
495.504	2
495.998	2
496.492	1.77778
496.987	1.82222
497.481	1.77778
497.973	1.86667
498.467	1.95556
498.962	2.08889
499.456	1.73333
499.95	1.77778
500.444	1.91111
500.938	1.82222
501.432	2.08889
501.926	1.73333
502.42	1.82222
502.914	1.68889
503.408	2.04444
503.902	2.04444
504.396	2.04444
504.89	1.95556
505.384	2.04444
505.878	2.22222
506.369	2.31111
506.863	1.91111
507.357	1.82222
507.85	1.91111
508.344	2.08889
508.838	1.95556
509.331	1.95556
509.823	1.77778
510.317	1.86667
510.81	1.77778
511.304	1.68889
511.797	1.77778
512.291	1.86667
512.782	1.91111
513.275	1.64444
513.769	1.82222
514.262	1.73333
514.756	1.46667
515.247	1.68889
515.74	1.68889
516.233	1.73333
516.727	1.46667
517.218	1.91111
517.711	1.91111
518.204	1.77778
518.697	1.64444
519.188	1.64444
519.681	1.77778
520.174	1.91111
520.667	1.82222
521.158	1.86667
521.651	1.28889
522.144	1.82222
522.635	1.68889
523.128	1.95556
523.621	1.46667
524.114	1.91111
524.605	1.82222
525.097	1.95556
525.59	1.68889
526.081	1.73333
526.574	1.64444
527.066	1.6
527.557	1.55556
528.049	1.6
528.54	1.86667
529.033	1.6
529.525	1.6
530.016	1.91111
530.508	1.6
530.999	1.73333
531.491	1.73333
531.983	1.95556
532.474	1.68889
532.966	1.77778
533.456	1.86667
533.949	1.64444
534.441	1.64444
534.931	1.55556
535.423	1.77778
535.914	1.68889
536.406	1.77778
536.896	1.51111
537.388	1.68889
537.878	1.73333
538.37	1.42222
538.86	1.64444
539.352	1.86667
539.842	1.86667
540.334	1.86667
540.824	1.82222
541.316	1.55556
541.806	1.51111
542.298	1.64444
542.787	1.73333
543.279	1.73333
543.769	1.55556
544.259	1.6
544.75	1.64444
545.24	1.73333
545.732	1.91111
546.221	1.46667
546.713	1.86667
547.202	1.55556
547.692	1.73333
548.184	1.77778
548.673	1.73333
549.164	1.51111
549.654	1.42222
550.143	1.51111
550.635	1.64444
551.124	1.73333
551.613	1.55556
552.105	2
552.594	1.42222
553.083	1.55556
553.574	1.6
554.064	1.73333
554.553	1.73333
555.044	1.73333
555.533	1.6
556.022	1.6
556.513	1.68889
557.002	1.28889
557.491	1.73333
557.982	1.46667
558.471	1.51111
558.96	1.73333
559.449	1.68889
559.94	1.64444
560.429	1.64444
560.918	1.86667
561.406	1.73333
561.897	1.77778
562.386	1.6
562.875	1.82222
563.363	1.86667
563.852	1.77778
564.343	1.46667
564.831	1.77778
565.32	1.64444
565.809	1.91111
566.297	1.46667
566.788	1.55556
567.276	1.86667
567.765	1.86667
568.253	1.73333
568.741	1.82222
569.23	1.73333
569.718	1.68889
570.208	1.33333
570.697	1.86667
571.185	1.51111
571.673	1.73333
572.161	1.77778
572.65	1.55556
573.138	1.73333
573.626	1.51111
574.114	1.73333
574.604	1.77778
575.092	1.46667
575.58	1.64444
576.068	1.42222
576.556	1.77778
577.044	1.91111
577.532	1.55556
578.02	1.82222
578.508	1.73333
578.996	1.91111
579.484	1.37778
579.971	1.6
580.459	1.91111
580.947	1.77778
581.435	1.64444
581.922	1.68889
582.41	1.68889
582.898	1.95556
583.385	1.82222
583.873	1.73333
584.361	1.64444
584.848	1.77778
585.336	1.6
585.823	1.55556
586.311	2
586.798	1.64444
587.285	1.64444
587.771	1.68889
588.258	1.86667
588.745	1.68889
589.233	1.82222
589.72	1.91111
590.207	1.86667
590.695	1.82222
591.182	1.73333
591.669	1.73333
592.156	1.46667
592.641	1.86667
593.128	1.91111
593.615	1.95556
594.102	1.82222
594.589	1.68889
595.076	1.6
595.561	1.64444
596.048	1.68889
596.535	1.51111
597.022	1.77778
597.509	1.68889
597.994	1.77778
598.481	1.82222
598.967	1.77778
599.454	1.55556
599.941	1.55556
600.425	1.86667
600.912	1.82222
601.399	1.77778
601.885	1.82222
602.37	1.6
602.857	1.91111
603.343	1.68889
603.83	1.77778
604.314	1.68889
