242.052	10.5778
242.569	10.2667
243.083	10.1333
243.599	10.5333
244.114	10.7111
244.63	10.4444
245.147	10.3556
245.661	10
246.177	10.9333
246.691	10.7556
247.208	10.4889
247.722	10.8
248.238	10.1778
248.754	10.4444
249.268	10.5333
249.785	10.8889
250.299	10.8444
250.815	11.0667
251.329	11.2889
251.845	11.3778
252.359	11.6
252.874	11.4222
253.388	11.5111
253.904	11.6
254.418	12.1333
254.934	12.5333
255.448	12.5333
255.961	12.4889
256.477	12.4444
256.991	12.1333
257.506	12.3556
258.02	12.5778
258.536	12.1778
259.049	11.7333
259.565	12.1778
260.078	11.5111
260.592	11.8222
261.107	11.3333
261.621	11.0667
262.136	11.1556
262.649	11.1111
263.163	10.8
263.678	11.0667
264.191	10.5333
264.707	10.9333
265.22	10.7556
265.733	11.0667
266.248	10.4
266.761	10.7111
267.274	10.7111
267.79	10.3556
268.303	10.6667
268.816	10.4889
269.331	10.6222
269.844	11.1111
270.356	10.6222
270.871	10.4444
271.384	10.0889
271.897	10.0889
272.412	10.4889
272.925	10.5778
273.438	10.8444
273.95	10.9333
274.465	10.9778
274.978	10.3556
275.49	10.6667
276.005	11.1556
276.517	10.9333
277.03	10.8
277.543	10.8444
278.057	10.8889
278.57	10.3556
279.082	10.5778
279.594	10.3111
280.107	10.0889
280.621	10.6667
281.133	10.4889
281.646	10
282.158	10.4444
282.67	10.0889
283.184	9.73333
283.697	10.0889
284.209	10.0889
284.721	9.91111
285.233	10.0889
285.745	10.2222
286.259	9.77778
286.771	9.82222
287.283	9.86667
287.795	9.86667
288.307	9.64444
288.819	9.55556
289.331	9.06667
289.845	9.15556
290.356	8.84444
290.868	8.22222
291.38	7.64444
291.892	7.6
292.403	7.2
292.915	7.15556
293.427	6.88889
293.938	6.26667
294.45	6.31111
294.963	6.53333
295.475	6.17778
295.986	6.22222
296.498	5.86667
297.009	6
297.521	6
298.032	5.68889
298.543	5.82222
299.055	5.11111
299.566	5.46667
300.077	5.37778
300.589	4.84444
301.1	5.28889
301.611	5.51111
302.122	5.28889
302.633	5.33333
303.144	5.46667
303.655	5.06667
304.166	5.6
304.677	5.33333
305.188	5.37778
305.699	5.15556
306.21	5.33333
306.721	5.55556
307.232	5.55556
307.743	5.42222
308.251	5.51111
308.762	5.37778
309.273	5.68889
309.784	4.88889
310.294	5.73333
310.805	5.28889
311.316	5.28889
311.826	5.91111
312.337	5.73333
312.848	5.64444
313.356	5.77778
313.866	5.73333
314.377	6.04444
314.887	5.64444
315.398	5.68889
315.908	5.6
316.419	6.08889
316.927	5.86667
317.437	5.77778
317.947	5.68889
318.458	6.17778
318.968	5.55556
319.478	5.68889
319.986	6.22222
320.496	6.62222
321.006	6.53333
321.516	6.44444
322.026	6.8
322.534	6.48889
323.044	6.8
323.554	6.31111
324.064	6.57778
324.572	6.71111
325.082	6.75556
325.592	7.02222
326.102	6.88889
326.609	7.37778
327.119	6.8
327.629	6.93333
328.139	7.2
328.646	7.15556
329.156	7.37778
329.665	7.91111
330.175	8.04444
330.682	8.08889
331.192	8.04444
331.702	7.95556
332.209	8.44444
332.718	8.4
333.228	8.57778
333.735	8.93333
334.245	8.93333
334.754	9.37778
335.261	10
335.77	9.55556
336.28	10.3556
336.787	9.82222
337.296	10.3111
337.803	10.4889
338.312	11.0222
338.821	10.9333
339.328	11.4667
339.837	11.6
340.344	12.1778
340.853	12.2667
341.362	11.8222
341.869	12.5333
342.378	13.2889
342.885	12.7111
343.394	13.1111
343.903	13.5556
344.409	14.1333
344.918	14.3111
345.425	15.0222
345.934	15.3778
346.44	16.3556
346.949	16.7111
347.456	17.9556
347.964	18.2667
348.471	18.6667
348.979	19.2
349.486	21.2
349.994	22.2222
350.501	23.2
351.009	24.8
351.515	25.6444
352.024	27.9111
352.53	29.9111
353.038	32.1778
353.545	33.6889
354.053	36.5333
354.559	39.2444
355.067	41.7778
355.573	46.4
356.079	49.6
356.588	55.1111
357.094	58.7556
357.602	64.9333
358.108	70.8889
358.616	76.6667
359.122	84.1333
359.628	92.7556
360.135	100.489
360.641	108.533
361.147	118.933
361.655	130.133
362.161	145.156
362.669	165.111
363.174	192.178
363.68	224.622
364.188	273.867
364.693	333.733
365.199	406.667
365.707	466.844
366.212	484.178
366.718	449.467
367.225	366
367.731	269.6
368.236	182.844
368.743	122.356
369.249	84.1333
369.754	57.6444
370.26	42.4
370.767	33.0222
371.272	26.1778
371.777	22.3111
372.283	18.3111
372.79	16
373.295	14.1333
373.8	12.8444
374.305	11.8667
374.812	10.9778
375.317	10.6667
375.822	10.1333
376.327	9.73333
376.834	9.02222
377.339	8.93333
377.844	8.88889
378.349	8.31111
378.854	8.75556
379.361	8.44444
379.866	8.04444
380.37	8.22222
380.875	8.04445
381.38	8.04444
381.884	8.04445
382.391	7.91111
382.896	8.31111
383.4	7.95556
383.905	8.08889
384.409	8.84445
384.914	8.75556
385.418	8.88889
385.925	9.37778
386.429	9.6
386.934	9.33333
387.438	9.33333
387.943	9.06667
388.447	9.2
388.951	9.55556
389.455	9.82222
389.96	9.82222
390.464	9.95556
390.968	10.3556
391.472	10.6222
391.978	10.6667
392.482	11.3778
392.987	11.6889
393.491	11.9556
393.995	12.9778
394.499	13.5111
395.003	14.0444
395.506	15.1111
396.01	15.6444
396.514	17.5111
397.018	19.9556
397.522	22.2222
398.026	25.8222
398.529	30.8444
399.033	38.3556
399.537	50.6222
400.041	69.8667
400.544	111.956
401.048	211.289
401.549	479.689
402.053	920.933
402.557	1283.07
403.06	1242.44
403.564	686.667
404.067	276.8
404.57	134.844
405.074	81.0667
405.577	54.4
406.081	41.9556
406.584	32.4889
407.087	27.3778
407.588	22.6667
408.092	19.8222
408.595	17.7778
409.098	16.4
409.601	15.4667
410.104	13.9111
410.607	13.1556
411.111	12.2222
411.612	11.8667
412.115	11.7333
412.618	10.4444
413.12	10.5333
413.623	10.1333
414.124	10
414.627	9.82222
415.13	9.6
415.633	9.6
416.136	9.42222
416.636	9.46667
417.139	9.28889
417.642	9.42222
418.145	9.02222
418.647	9.28889
419.148	8.88889
419.65	8.88889
420.153	8.75556
420.656	9.2
421.156	8.71111
421.658	8.93333
422.161	8.84444
422.663	9.15556
423.164	9.6
423.666	9.46667
424.168	9.02222
424.669	9.28889
425.171	9.24444
425.673	9.51111
426.174	9.73333
426.676	9.24444
427.178	9.42222
427.678	8.93333
428.18	8.8
428.682	8.84444
429.182	9.2
429.684	9.02222
430.186	8.66667
430.686	8.84445
431.188	8.48889
431.69	8.48889
432.19	8.53333
432.692	8.62222
433.192	8.26667
433.694	8.04445
434.196	8.53333
434.695	8.35555
435.197	8.4
435.697	8.66667
436.198	7.86667
436.7	8.17778
437.2	8.04445
437.701	7.51111
438.201	8.35556
438.702	8.31111
439.202	7.95556
439.703	8
440.203	8.22222
440.704	8.08889
441.204	8.22222
441.705	8.62222
442.204	8.31111
442.706	8.88889
443.205	8.97778
443.706	8.88889
444.206	8.93333
444.707	8.93333
445.206	9.2
445.707	9.2
446.206	8.84445
446.707	9.51111
447.206	9.33333
447.707	9.51111
448.206	9.51111
448.707	9.06667
449.206	9.37778
449.705	9.73333
450.206	9.42222
450.705	9.37778
451.206	9.46667
451.705	9.73333
452.204	10.2222
452.704	9.86667
453.203	9.68889
453.704	9.95556
454.203	10.1778
454.701	10.1333
455.202	10.9333
455.7	10.4889
456.199	10.4444
456.7	10.3556
457.198	10.4
457.699	10.2222
458.197	10.3556
458.695	10.2667
459.196	10.1778
459.694	10.2222
460.193	10.4889
460.691	9.55556
461.191	10
461.69	9.73333
462.188	10
462.688	9.73333
463.186	10.2667
463.684	10.5778
464.182	10.3556
464.683	10.4889
465.181	10.8444
465.679	11.1556
466.177	10.6667
466.677	10.7556
467.175	10.0889
467.673	11.4222
468.171	10.4
468.671	10.3556
469.168	9.68889
469.666	9.73333
470.164	9.73333
470.662	9.42222
471.162	9.6
471.659	9.15556
472.157	9.15556
472.655	8.84444
473.152	8.71111
473.652	8.75556
474.15	8.71111
474.647	8.62222
475.145	8.62222
475.642	8.84445
476.14	8.62222
476.637	8.57778
477.134	8.88889
477.634	8.17778
478.131	8.8
478.629	8.08889
479.126	8.4
479.623	8.8
480.12	8.57778
480.618	8.17778
481.115	8.4
481.612	8.62222
482.109	7.95556
482.608	8
483.105	8.4
483.603	8.44444
484.1	8.48889
484.597	8.57778
485.094	8.75556
485.591	8.48889
486.087	8.26667
486.584	8.53333
487.081	8.22222
487.578	8.13333
488.075	8.35556
488.572	8.48889
489.069	8.4
489.565	8.26667
490.062	8.04444
490.559	8.26667
491.055	8.44444
491.552	8.57778
492.049	7.77778
492.545	8.04445
493.042	8
493.538	8.26667
494.033	8.17778
494.529	8.84445
495.026	8.31111
495.522	8.17778
496.018	8.22222
496.515	8.44444
497.011	8.53333
497.508	8.57778
498.004	8.66667
498.5	8.08889
498.996	8.48889
499.49	8.62222
499.987	8.71111
500.483	8.44444
500.979	8.48889
501.475	8.26667
501.971	7.95556
502.467	7.95556
502.961	8.08889
503.457	8.22222
503.953	8.35556
504.449	8
504.945	8.04444
505.439	8
505.935	8.04445
506.43	8.17778
506.926	8.17778
507.422	7.6
507.916	7.68889
508.411	8.08889
508.907	7.86667
509.403	7.91111
509.898	7.2
510.392	7.42222
510.888	7.37778
511.383	7.15556
511.877	7.33333
512.372	7.73333
512.868	7.02222
513.363	7.2
513.857	7.28889
514.352	6.84444
514.847	7.11111
515.341	6.97778
515.836	6.66667
516.331	6.93333
516.826	6.35556
517.32	6.93333
517.815	6.4
518.31	6.62222
518.803	6.62222
519.298	6.35556
519.793	6.08889
520.286	6.26667
520.782	6.35556
521.275	6.4
521.77	6.17778
522.265	6.4
522.757	6.35556
523.252	6.17778
523.745	6.62222
524.24	6.26667
524.735	6
525.228	6.35556
525.722	6.48889
526.215	6.4
526.71	6.35556
527.205	6.35556
527.697	6.17778
528.192	6.57778
528.685	6.26667
529.179	6.4
529.672	6.35556
530.166	6.48889
530.659	6.04445
531.153	5.46667
531.646	5.91111
532.14	6.57778
532.632	6.4
533.127	6.62222
533.619	6.35556
534.113	6.35556
534.606	6.66667
535.1	6.8
535.592	6.08889
536.086	6.66667
536.579	6.26667
537.073	6.75556
537.565	6.44444
538.059	6.31111
538.551	6.48889
539.043	6.4
539.537	6.13333
540.029	6.08889
540.523	5.86667
541.015	5.86667
541.507	5.24444
542.001	4.62222
542.493	5.37778
542.987	5.42222
543.478	5.24444
543.97	5.11111
544.464	5.06667
544.956	5.2
545.447	4.75556
545.941	5.2
546.433	5.33333
546.924	5.15556
547.418	5.02222
547.909	5.33333
548.401	5.06667
548.894	4.8
549.386	5.06667
549.877	4.84444
550.371	5.02222
550.862	5.02222
551.354	5.11111
551.847	4.97778
552.338	5.2
552.829	4.97778
553.321	5.46667
553.814	5.33333
554.305	5.42222
554.796	5.2
555.288	5.24444
555.781	5.15556
556.272	5.24444
556.763	5.24444
557.254	5.24444
557.747	5.2
558.238	5.2
558.729	5.37778
559.22	5.33333
559.711	4.93333
560.202	5.2
560.695	5.15556
561.185	5.28889
561.676	5.11111
562.167	5.15556
562.658	4.97778
563.148	5.42222
563.641	5.46667
564.132	5.02222
564.623	5.2
565.113	5.11111
565.604	5.37778
566.094	4.84444
566.585	5.33333
567.077	4.84444
567.568	4.97778
568.058	5.15556
568.549	5.24444
569.039	5.42222
569.53	5.02222
570.02	5.11111
570.51	5.24444
571.001	5.06667
571.491	5.51111
571.981	5.33333
572.471	5.46667
572.962	5.02222
573.452	5.51111
573.942	5.51111
574.432	5.33333
574.922	5.42222
575.412	5.33333
575.902	5.37778
576.392	5.15556
576.882	5.15556
577.372	5.33333
577.862	5.28889
578.352	4.97778
578.842	5.42222
579.332	5.42222
579.822	5.24444
580.312	4.88889
580.801	5.42222
581.291	5.68889
581.781	5.42222
582.27	5.33333
582.76	5.42222
583.25	5.46667
583.739	5.15556
584.229	5.33333
584.719	5.46667
585.206	5.73333
585.696	5.11111
586.185	5.51111
586.675	5.15556
587.164	4.97778
587.653	5.2
588.143	5.24444
588.632	5.6
589.12	5.15556
589.609	5.11111
590.098	5.51111
590.587	5.28889
591.077	5.15556
591.566	5.64444
592.053	5.28889
592.542	5.15556
593.031	5.37778
593.52	5.91111
594.009	5.2
594.496	5.77778
594.985	5.6
595.474	5.37778
595.963	5.73333
596.452	5.37778
596.939	5.64444
597.428	5.37778
597.917	5.77778
598.406	5.64444
598.893	5.68889
599.381	5.33333
599.87	6
600.357	5.95556
600.846	5.64444
601.334	5.33333
601.823	5.42222
602.309	6.22222
602.798	5.91111
603.287	6.17778
603.773	6
604.262	6.13333
604.75	6.17778
605.237	6.35556
605.725	6.31111
606.214	6.35556
606.7	6.17778
607.188	6.04444
607.677	5.86667
608.163	5.77778
608.651	5.77778
609.137	5.86667
609.626	5.73333
610.114	6.04444
610.6	5.68889
611.088	5.51111
611.574	5.24444
612.062	5.33333
612.55	5.37778
613.036	5.51111
613.524	5.37778
614.01	5.68889
614.498	5.28889
614.984	5.42222
615.472	5.51111
615.958	5.37778
616.446	5.33333
616.934	4.97778
617.42	5.33333
617.907	5.37778
618.393	5.28889
618.881	5.46667
619.367	5.24444
619.854	5.11111
620.34	4.97778
620.828	5.2
621.313	4.57778
621.799	5.15556
622.286	5.15556
622.772	5.06667
623.259	5.46667
623.745	5.24444
624.232	5.24444
624.718	4.97778
625.205	4.88889
625.69	5.11111
626.176	5.06667
626.663	4.97778
627.148	4.97778
627.635	5.24444
628.121	5.24444
628.606	4.53333
629.093	5.02222
629.578	4.75556
630.065	4.93333
630.551	5.24444
631.036	5.11111
631.523	4.75556
632.008	5.02222
632.493	5.11111
632.98	4.8
633.465	5.06667
633.949	5.37778
634.436	5.06667
634.921	5.33333
635.406	4.97778
635.893	5.02222
636.378	5.11111
636.862	5.11111
637.347	5.11111
637.834	4.8
638.319	5.11111
638.803	5.02222
639.288	5.28889
639.774	5.28889
640.259	5.06667
640.744	5.02222
641.228	5.06667
641.715	4.75556
642.199	5.11111
642.684	4.88889
643.168	5.15556
643.654	5.06667
644.139	4.84444
644.623	4.75556
645.107	4.97778
645.592	5.24444
646.078	5.06667
646.562	5.28889
647.046	5.11111
647.531	5.02222
648.015	4.84444
648.499	4.75556
648.983	5.2
649.469	4.93333
649.953	5.37778
650.437	5.51111
650.921	5.28889
651.405	5.02222
651.889	5.28889
652.373	4.97778
652.857	5.33333
653.343	5.24444
653.827	5.15556
654.311	4.88889
654.794	5.55556
655.278	5.28889
655.762	5.42222
656.246	5.33333
656.729	5.28889
657.213	5.55556
657.697	5.28889
658.18	5.73333
658.664	5.46667
659.147	5.2
659.631	5.6
660.115	5.28889
660.598	5.51111
661.081	5.55556
661.565	5.2
662.048	5.51111
662.532	5.33333
663.015	5.64444
663.498	5.64444
663.982	5.77778
664.465	5.82222
664.948	5.28889
665.432	5.55556
665.915	6.17778
666.398	6
666.881	6.31111
667.364	6.8
667.847	6.75556
668.33	6.53333
668.811	6.84444
669.294	6.62222
669.777	7.24444
670.26	6.84444
670.743	6.75556
671.226	7.33333
671.709	7.28889
672.192	7.28889
672.673	7.46667
673.156	7.77778
673.639	7.2
674.121	7.64444
674.604	7.68889
675.087	7.73333
675.567	8.13333
676.05	8
676.533	8.17778
677.015	8.4
677.498	8.71111
677.981	8.57778
678.461	8.93333
678.944	8.57778
679.426	9.15556
679.909	8.93333
680.389	9.55556
680.871	9.42222
681.354	9.33333
681.836	9.2
682.316	9.24445
682.799	9.6
683.281	8.71111
683.763	9.28889
684.244	9.28889
684.726	10.1333
685.208	9.02222
685.688	9.55556
686.17	9.68889
686.652	9.51111
687.134	9.77778
687.614	9.46667
688.096	9.95555
688.578	9.64445
689.058	9.42222
689.54	10
690.022	9.55556
690.502	9.6
690.984	9.73333
691.464	10
691.946	9.82222
692.428	9.68889
692.907	9.42222
693.389	9.95555
693.871	10.1778
694.35	9.6
694.832	10.4444
695.312	9.55556
695.793	10
696.273	9.91111
696.755	10.4
697.236	9.68889
697.716	9.73333
698.197	11.0667
698.677	10.4444
699.158	10.4889
699.637	10.8444
700.119	10.7111
700.598	10.7556
701.08	10.7556
701.559	11.1556
702.04	10.6667
702.519	10.7556
703.001	10.8
703.48	11.3778
703.961	10.7556
704.44	11.2444
704.921	10.7111
705.4	11.9556
705.881	11.9556
706.361	11.5556
706.842	11.4667
707.321	11.6444
707.8	11.9111
708.281	13.0222
708.759	12.4444
709.24	12.8
709.719	12.0444
710.2	12.6222
710.679	12.2667
711.158	12.6667
711.638	13.3778
712.117	13.6444
712.596	14.3556
713.077	14.1333
713.555	14.4889
714.036	14.8444
714.515	15.1556
714.993	15.6889
715.474	14.9333
715.952	16.4
716.431	16.4444
716.911	16.9778
717.39	17.5556
717.868	18
718.347	18.1333
718.827	18.7111
719.305	19.0222
719.784	18.1333
720.264	18.0444
720.742	17.9111
721.221	17.6444
721.699	17.0667
722.179	16.7111
722.657	15.5111
723.135	15.1111
723.614	14.5333
724.094	13.8222
724.572	12.8889
725.05	12.7111
725.528	11.6889
726.008	10.8889
726.486	10.8889
726.964	10.4444
727.442	9.82222
727.92	9.64445
728.398	9.24445
728.878	8.48889
729.355	8.71111
729.833	8.31111
730.311	8
730.789	8.13333
731.266	7.73333
731.746	7.68889
732.224	8.26667
732.702	7.86667
733.179	7.86667
733.657	7.64444
734.134	7.86667
734.612	7.77778
735.089	7.51111
735.567	7.86667
736.046	7.33333
736.524	7.73333
737.001	7.6
737.479	7.86667
737.956	7.42222
738.434	7.91111
738.911	7.68889
739.388	8.13333
739.865	7.91111
740.343	7.55556
740.82	7.68889
741.297	8
741.774	7.46667
742.251	7.11111
742.729	7.33333
743.206	7.95555
743.683	7.68889
744.16	7.6
744.637	7.33333
745.114	7.37778
745.591	7.55556
746.068	7.51111
746.545	7.91111
747.022	7.55556
747.499	7.82222
747.975	7.86667
748.452	8.13333
748.929	8.13333
749.404	8.35556
