138.635	77.8667
139.157	79.7333
139.68	82.9333
140.202	86.2222
140.724	89.5556
141.246	93.6889
141.768	96
142.291	99.8222
142.815	103.778
143.337	107.822
143.859	112.933
144.381	117.244
144.903	121.467
145.425	124.4
145.947	129.511
146.469	132.711
146.991	138.8
147.513	142.622
148.034	144.978
148.556	149.822
149.078	152.356
149.6	156.356
150.121	159.422
150.643	164.356
151.165	166.044
151.686	169.511
152.208	172.178
152.73	174.133
153.251	177.022
153.773	178.4
154.294	181.778
154.815	182.578
155.337	185.733
155.858	184.711
156.38	188.311
156.901	187.556
157.422	187.244
157.941	189.067
158.463	188.844
158.984	191.556
159.505	190.267
160.026	190.622
160.547	188.222
161.068	190.311
161.589	188.578
162.11	189.2
162.632	188.756
163.15	187.867
163.671	185.467
164.192	183.867
164.713	184.222
165.234	180.533
165.755	181.467
166.276	180.178
166.794	177.733
167.315	177.956
167.836	174.4
168.356	172.889
168.877	170.933
169.398	168.356
169.916	170.044
170.437	168.889
170.957	166.044
171.478	165.156
171.998	162.4
172.517	161.733
173.037	161.156
173.557	159.911
174.078	159.244
174.596	159.156
175.116	159.2
175.637	156.933
176.157	155.556
176.675	155.778
177.195	156.178
177.715	154.444
178.235	153.378
178.753	154.089
179.274	153.467
179.794	154.489
180.311	153.333
180.831	152.489
181.351	152.8
181.869	153.156
182.389	152.8
182.909	151.778
183.427	152.044
183.947	153.511
184.466	152.044
184.984	154.444
185.504	155.956
186.023	154.933
186.541	156.444
187.061	154.8
187.58	157.467
188.098	156.311
188.617	156.889
189.137	160.533
189.654	158.711
190.174	160.933
190.691	161.067
191.21	163.2
191.73	162.578
192.247	165.956
192.766	165.022
193.284	168.667
193.803	167.289
194.32	168.933
194.839	169.467
195.358	171.289
195.875	172.578
196.394	175.289
196.911	176.933
197.43	180.044
197.947	180.044
198.466	179.911
198.983	182.533
199.502	185.244
200.019	185.733
200.538	189.111
201.055	188.178
201.574	193.378
202.09	193.511
202.609	196.933
203.126	198.578
203.644	198.133
204.161	201.422
204.68	207.2
205.196	208.356
205.713	208.711
206.231	211.156
206.748	213.733
207.266	216.133
207.782	218.489
208.301	221.467
208.817	222.222
209.334	224.133
209.852	230.533
210.368	231.244
210.886	234.622
211.403	234.667
211.919	237.956
212.437	240.178
212.953	241.689
213.471	243.511
213.987	246
214.503	246.311
215.021	246.8
215.537	249.6
216.053	250.933
216.571	251.378
217.087	252.844
217.603	250.711
218.121	254.667
218.637	252.844
219.152	254.133
219.67	251.6
220.186	253.511
220.702	249.511
221.217	250.133
221.735	249.822
222.25	249.244
222.766	247.6
223.284	245.956
223.799	242.089
224.315	241.556
224.83	238.622
225.347	235.556
225.863	233.156
226.378	229.2
226.893	227.956
227.411	222.844
227.926	219.867
228.441	217.244
228.957	211.644
229.472	208.356
229.989	206.089
230.504	202.844
231.019	199.867
231.534	195.911
232.049	193.422
232.566	191.067
233.081	190.8
233.596	187.733
234.111	183.867
234.626	181.778
235.141	179.467
235.656	179.067
236.173	177.867
236.687	177.733
237.202	176.133
237.717	174.533
238.232	174.044
238.746	173.2
239.261	171.822
239.775	173.156
240.29	170.356
240.807	170.978
241.321	171.956
241.836	170.267
242.35	170.4
242.865	169.689
243.379	169.333
243.893	167.822
244.408	167.467
244.922	167.467
245.436	165.644
245.951	167.2
246.465	164.844
246.979	165.6
247.493	163.778
248.007	162.622
248.521	162.756
249.035	163.689
249.55	162.889
250.064	163.022
250.578	162.533
251.092	162.533
251.605	160.089
252.119	160.533
252.633	160.756
253.147	159.6
253.661	160.444
254.175	159.2
254.689	157.111
255.202	157.111
255.716	157.511
256.23	160.044
256.743	157.867
257.257	157.333
257.771	158.489
258.282	158.533
258.796	157.6
259.309	155.644
259.823	157.333
260.336	157.867
260.85	157.422
261.363	156.622
261.876	156.756
262.39	155.867
262.901	157.289
263.414	158.356
263.927	156.578
264.441	157.6
264.954	155.778
265.467	156.756
265.978	158
266.491	156.844
267.004	158.444
267.517	157.2
268.03	157.778
268.543	157.822
269.054	158.978
269.567	158.444
270.08	157.289
270.593	157.911
271.106	156.578
271.617	157.378
272.129	157.511
272.642	158.089
273.155	156.844
273.666	158.311
274.178	156.622
274.691	157.6
275.204	156.978
275.714	157.822
276.227	157.467
276.739	158.356
277.25	157.956
277.762	157.067
278.275	158.356
278.787	158.133
279.297	156.489
279.81	156.622
280.322	158.978
280.832	157.867
281.345	158.489
281.857	157.378
282.367	158.4
282.879	159.156
283.391	161.022
283.902	158.222
284.414	157.778
284.924	159.556
285.436	161.156
285.948	159.867
286.458	161.022
286.97	162.667
287.482	162.133
287.991	163.733
288.503	164.622
289.013	166.356
289.525	166.667
290.035	168.178
290.547	166.756
291.058	169.689
291.568	170.311
292.08	170.356
292.589	173.111
293.101	173.511
293.61	175.733
294.122	176.578
294.631	177.689
295.143	177.022
295.652	178.8
296.164	179.422
296.675	182
297.185	182.444
297.696	183.689
298.205	183.6
298.715	184.933
299.226	187.867
299.735	185.2
300.246	185.556
300.755	186.044
301.267	186.044
301.776	186.444
302.287	186.356
302.796	187.022
303.307	185.644
303.816	185.067
304.325	183.556
304.836	181.733
305.345	181.511
305.856	180.133
306.365	178.489
306.875	176.889
307.384	177.6
307.893	176.356
308.404	173.156
308.912	173.778
309.421	170.667
309.932	170.667
310.44	171.467
310.951	169.067
311.46	167.2
311.968	167.911
312.479	167.467
312.987	167.067
313.496	166.533
314.006	165.156
314.514	165.244
315.023	164.178
315.533	165.289
316.041	162.4
316.55	162.889
317.058	162.933
317.568	162.356
318.076	162.178
318.585	160.4
319.095	160.978
319.603	159.333
320.111	160.756
320.619	160
321.129	158
321.637	159.067
322.145	157.244
322.653	158.533
323.163	158.756
323.671	157.022
324.179	155.378
324.687	156.978
325.194	156.933
325.704	154.978
326.212	155.156
326.72	155.911
327.227	153.867
327.735	151.911
328.245	154.089
328.752	154.044
329.26	153.333
329.767	152.711
330.275	151.022
330.782	150.4
331.29	152.089
331.799	152.667
332.307	150.356
332.814	151.422
333.321	150.844
333.829	151.111
334.336	150.667
334.843	150.533
335.35	149.6
335.858	148.8
336.367	149.289
336.874	148.044
337.381	148.222
337.888	147.778
338.395	147.911
338.902	149.244
339.409	148.089
339.916	148.089
340.423	148.356
340.93	148.667
341.437	149.244
341.944	144.667
342.451	146.356
342.958	146.178
343.464	145.333
343.971	146.533
344.478	145.156
344.985	146.222
345.491	144.889
345.998	145.467
346.505	143.422
347.011	144.089
347.518	144.222
348.024	143.822
348.531	143.067
349.037	144.311
349.544	143.022
350.05	143.244
350.557	143.556
351.063	143.378
351.569	142.267
352.076	142
352.58	143.111
353.086	141.778
353.592	142.178
354.099	142.4
354.605	141.778
355.111	142.444
355.617	141.867
356.123	142.444
356.629	141.422
357.133	140.978
357.639	141.689
358.145	142.311
358.651	143.2
359.157	141.511
359.663	142.533
360.169	141.733
360.672	139.022
361.178	141.733
361.684	142.4
362.19	142.444
362.696	141.867
363.199	140.444
363.705	142.356
364.21	139.689
364.716	142.267
365.222	142.044
365.725	140.978
366.231	140.089
366.736	141.022
367.242	140.622
367.745	138.711
368.251	140.933
368.756	140.089
369.261	140.711
369.765	140.889
370.27	140.889
370.775	139.244
371.278	140.978
371.784	139.911
372.289	139.911
372.792	139.333
373.297	139.333
373.802	138.978
374.307	138.978
374.81	139.467
375.315	139.822
375.82	138.311
376.323	138.489
376.828	138.8
377.331	137.156
377.836	138.489
378.341	138.356
378.844	136.844
379.348	138.267
379.853	137.289
380.356	137.333
380.861	136.667
381.363	137.111
381.868	138.667
382.373	136.889
382.875	136.978
383.38	136.267
383.882	135.867
384.387	137.689
384.889	135.2
385.394	135.644
385.898	135.911
386.4	135.644
386.905	134.933
387.407	134.444
387.912	135.111
388.414	135.733
388.918	135.333
389.42	133.422
389.925	134.756
390.427	133.733
390.931	134.844
391.433	133.422
391.937	133.6
392.439	132.933
392.943	135.244
393.445	134.444
393.949	135.289
394.451	134.133
394.955	132.8
395.457	133.911
395.959	133.6
396.463	133.244
396.964	132.578
397.468	132.444
397.97	130.933
398.474	132.933
398.975	132.8
399.477	131.733
399.981	132.4
400.482	131.778
400.986	131.022
401.488	131.244
401.989	131.244
402.493	130.133
402.994	131.111
403.495	131.111
403.999	130.311
404.5	128.8
405.002	130.044
405.505	131.778
406.006	129.733
406.508	131.067
407.011	129.778
407.512	129.689
408.013	130.133
408.517	130.844
409.018	130.356
409.519	130.444
410.022	129.333
410.523	129.689
411.024	130
411.525	129.022
412.028	130.622
412.529	130.356
413.03	127.733
413.531	128.533
414.034	129.333
414.534	127.111
415.035	129.244
415.536	129.511
416.039	131.022
416.54	130.089
417.04	130.267
417.541	129.467
418.042	128.8
418.544	129.778
419.045	129.111
419.545	130.089
420.046	128.311
420.546	130.533
421.047	128.8
421.549	128.356
422.05	127.067
422.55	128.089
423.051	129.022
423.551	126.622
424.051	129.511
424.551	129.022
425.052	128.756
425.554	129.022
426.054	129.289
426.554	128.044
427.054	128.533
427.555	128.4
428.055	128.311
428.555	128.267
429.055	128.133
429.555	126.711
430.055	126.356
430.555	128.356
431.055	127.333
431.557	128.489
432.056	127.333
432.556	126.044
433.056	127.111
433.556	126.222
434.056	126.889
434.555	127.2
435.055	125.867
435.555	126.622
436.055	126.222
436.554	127.2
437.054	127.556
437.553	125.422
438.053	125.822
438.552	124.489
439.052	127.244
439.549	126.044
440.049	125.333
440.548	126.089
441.047	126.044
441.547	124.578
442.046	125.378
442.545	123.067
443.045	125.244
443.544	125.556
444.043	126
444.542	124.533
445.042	123.956
445.541	124.711
446.038	123.333
446.537	124.933
447.036	122.311
447.535	124.356
448.034	124.089
448.533	123.511
449.032	123.778
449.529	124.756
450.028	123.867
450.527	123.156
451.025	122.533
451.524	123.422
452.023	122.311
452.52	123.2
453.018	120.622
453.517	122.311
454.016	122.444
454.514	121.956
455.011	122.178
455.51	121.022
456.008	122
456.507	122.178
457.003	122.178
457.502	121.644
458	121.067
458.499	121.156
458.995	120
459.493	120.311
459.992	119.6
460.49	119.911
460.986	120.311
461.484	118.222
461.983	118.756
462.479	119.911
462.977	119.333
463.475	118.711
463.971	117.378
464.469	118.222
464.968	119.156
465.464	117.2
465.962	116.844
466.46	119.2
466.955	118.444
467.453	117.2
467.951	117.733
468.447	117.333
468.945	116.889
469.443	116.933
469.939	118
470.436	116.933
470.932	117.067
471.43	117.111
471.928	116.711
472.423	116.578
472.921	116.667
473.416	117.733
473.914	116
474.41	116.178
474.907	116.622
475.405	116.356
475.9	116
476.398	114.356
476.893	116.222
477.39	115.111
477.886	115.422
478.383	115.778
478.878	114.489
479.376	115.111
479.871	114.578
480.368	114.844
480.863	115.2
481.36	113.778
481.856	114.222
482.353	114.356
482.848	115.556
483.345	115.067
483.84	111.867
484.337	113.956
484.832	113.022
485.327	113.6
485.824	113.867
486.319	114.311
486.815	113.956
487.31	112.4
487.807	113.422
488.302	113.644
488.797	112.044
489.293	111.956
489.788	113.244
490.283	112.133
490.779	113.156
491.274	111.778
491.771	112.4
492.265	112.533
492.76	112.756
493.256	112.311
493.751	112.222
494.245	111.867
494.742	110.756
495.236	112.622
495.73	112.222
496.227	111.644
496.721	110.444
497.215	111.956
497.712	112
498.206	111.956
498.7	110.756
499.194	111.422
499.691	109.956
500.185	111.333
500.679	111.2
501.173	110.578
501.669	110.578
502.163	109.378
502.657	110.4
503.151	110.4
503.647	110.578
504.141	109.333
504.635	110.489
505.129	110.978
505.624	109.6
506.118	108.578
506.612	109.733
507.106	110.8
507.6	108.667
508.093	108.889
508.589	109.067
509.083	109.689
509.576	109.022
510.07	108.667
510.563	109.822
511.057	109.556
511.552	109.244
512.046	107.6
512.539	109.378
513.033	107.511
513.526	109.333
514.02	107.2
514.513	107.467
515.006	108.978
515.5	108.178
515.993	107.822
516.488	107.689
516.981	105.867
517.475	105.867
517.968	108.178
518.461	108.133
518.954	107.733
519.447	108.222
519.94	108.133
520.433	106.4
520.926	107.778
521.419	107.467
521.912	105.911
522.405	106.8
522.898	107.778
523.391	106.889
523.884	107.511
524.377	108.844
524.869	107.422
525.362	107.111
525.855	107.778
526.348	108.044
526.84	108.222
527.333	107.867
527.826	107.511
528.318	106.756
528.811	108.178
529.303	108
529.796	106.222
530.286	106.978
530.779	108.356
531.271	107.111
531.764	108.089
532.256	106.933
532.748	108.089
533.241	107.6
533.733	106.933
534.225	105.156
534.716	106.667
535.208	106.222
535.7	105.867
536.192	107.822
536.684	107.244
537.176	106.311
537.669	106.444
538.159	106.756
538.651	106.133
539.143	106.489
539.635	105.644
540.127	107.2
540.617	105.244
541.109	106.667
541.6	106.667
542.092	105.6
542.584	107.111
543.074	105.467
543.566	106.356
544.057	105.867
544.549	103.644
545.039	105.689
545.531	106
546.022	104.8
546.514	106.667
547.003	105.289
547.495	105.289
547.987	105.244
548.476	105.911
548.967	105.467
549.459	106.222
549.95	105.067
550.44	105.467
550.931	104.356
551.423	105.422
551.912	105.333
552.403	107.689
552.894	106.311
553.384	106.667
553.875	105.956
554.364	105.022
554.855	105.333
555.346	106.133
555.836	105.956
556.327	105.289
556.818	105.422
557.307	105.422
557.798	106.444
558.287	105.956
558.778	105.289
559.269	104.444
559.757	104.578
560.248	104.489
560.737	104.578
561.228	105.867
561.717	104.4
562.208	104.222
562.696	105.244
563.187	105.6
563.678	104.756
564.166	103.6
564.657	105.822
565.146	104.578
565.636	104.356
566.125	104.8
566.615	102.667
567.104	103.156
567.594	103.867
568.083	104.356
568.571	104.311
569.062	103.467
569.55	104.978
570.04	104.933
570.529	103.956
571.019	104.267
571.507	103.289
571.997	105.6
572.486	103.778
572.974	104.044
573.464	104.844
573.952	105.2
574.442	104
574.93	105.289
575.418	104.978
575.908	104.267
576.396	104.844
576.886	105.422
577.374	104.622
577.862	106.667
578.352	104.933
578.84	104.667
579.328	105.378
579.818	105.156
580.305	104.133
580.793	105.822
581.283	106.978
581.771	106
582.258	106.311
582.748	104.356
583.236	105.111
583.723	106.356
584.211	104.667
584.7	106
585.188	104.756
585.675	105.644
586.163	105.2
586.652	105.111
587.14	104.133
587.627	105.867
588.115	105.289
588.604	105.467
589.091	106.8
589.578	104.311
590.066	106.044
590.555	105.822
591.042	104.356
591.529	105.911
592.017	104.8
592.504	106.444
592.993	104.578
593.48	105.022
593.967	107.067
594.454	106.4
594.941	105.778
595.428	106.089
595.915	105.644
596.404	105.689
596.891	103.778
597.378	104.978
597.864	104.8
598.351	106.4
598.838	104
599.325	104.889
599.812	105.156
600.3	106.578
600.787	105.067
601.274	104.311
601.76	104.533
602.247	103.556
602.733	104.978
603.22	104
603.707	103.6
604.193	105.822
604.68	104.667
605.166	102.667
605.652	102.933
606.139	104
606.625	103.867
607.112	104.756
607.598	103.067
608.084	102.933
608.57	101.778
609.057	102.133
609.543	103.022
610.029	101.867
610.515	102.178
611.001	101.467
611.487	103.6
611.974	102.044
612.46	102.978
612.946	102.133
613.432	101.644
613.918	101.467
614.404	101.289
614.89	102.444
615.373	102.4
615.859	100.711
616.345	101.2
616.831	102.667
617.317	101.867
617.803	101.111
618.288	101.244
618.774	100.978
619.26	100.711
619.743	100.711
620.229	99.9111
620.715	101.644
621.2	100.933
621.686	101.156
622.171	100.667
622.655	99.4222
623.14	99.3778
623.626	101.333
624.111	100.222
624.597	100.578
625.08	99.4667
625.565	99.7333
626.051	100.178
626.536	98.9333
627.021	100.444
627.505	98.8
627.99	98.4
628.475	98.9333
628.96	98.9333
629.443	98.8889
629.929	99.5556
630.414	99.4667
630.897	98.8889
631.382	98.4889
631.867	98.3111
632.352	99.6444
632.835	98.4889
633.32	98
633.805	99.8222
634.287	98.9778
634.772	97.6444
635.257	98.5778
635.74	96.4889
636.225	97.2889
636.71	98.0444
637.192	97.6889
637.677	97.3778
638.162	98.9333
638.644	96.9333
639.129	98.1778
639.612	96.4889
640.096	96.8889
640.581	98.1778
641.063	96.6222
641.548	96.8
642.03	97.2
642.515	96.2222
642.999	96.4
643.482	96.8444
643.966	96.3111
644.448	95.2444
644.933	96.9333
645.415	96.5778
645.899	96.8
646.381	96.0444
646.866	94.1333
647.348	96.8
647.832	95.7333
648.316	95.6444
648.798	95.8667
649.282	95.5556
649.764	95.4667
650.246	95.1556
650.73	96.5333
651.212	95.0667
651.696	95.7778
652.178	95.2889
652.662	94.7556
