138.635	45.1556
139.157	45.5111
139.68	48.7111
140.202	50.1333
140.724	52.2222
141.246	53.5111
141.768	57.0667
142.291	58.5778
142.815	59.2444
143.337	62.4889
143.859	64.8
144.381	66.4
144.903	68.3111
145.425	70.4445
145.947	74.4444
146.469	75.8222
146.991	77.5111
147.513	80.4889
148.034	83.1555
148.556	85.7333
149.078	87.7333
149.6	88.9778
150.121	91.3333
150.643	92.7556
151.165	94.2222
151.686	95.8667
152.208	97.8667
152.73	99.0667
153.251	100.222
153.773	101.511
154.294	102.4
154.815	103.511
155.337	104.889
155.858	106.578
156.38	106
156.901	106.356
157.422	107.111
157.941	107.067
158.463	107.289
158.984	107.244
159.505	106.222
160.026	105.867
160.547	105.867
161.068	106.444
161.589	106.978
162.11	104.533
162.632	102.889
163.15	104.533
163.671	102.044
164.192	101.067
164.713	100.978
165.234	98.4889
165.755	98.6222
166.276	96.2222
166.794	95.5111
167.315	94.1333
167.836	92.4
168.356	92.4
168.877	89.8667
169.398	89.6444
169.916	87.6444
170.437	87.5111
170.957	85.2445
171.478	84.5778
171.998	83.0222
172.517	83.1556
173.037	80.8
173.557	80.9333
174.078	80.2222
174.596	79.4667
175.116	78.5333
175.637	78.6667
176.157	78.6222
176.675	78.4
177.195	77.4667
177.715	76.9333
178.235	77.3778
178.753	77.3333
179.274	76.6222
179.794	77.2889
180.311	76.5333
180.831	77.2889
181.351	76.9333
181.869	77.0667
182.389	77.1111
182.909	76.1333
183.427	77.9111
183.947	79.3333
184.466	79.6889
184.984	78.5333
185.504	80.1778
186.023	79.8222
186.541	80.8445
187.061	81.1111
187.58	83.0222
188.098	83.4222
188.617	85.6889
189.137	85.2889
189.654	86.7111
190.174	86.3556
190.691	88.4444
191.21	89.5111
191.73	91.1111
192.247	92.7111
192.766	91.6
193.284	94.8444
193.803	96.9333
194.32	98.7111
194.839	99.5556
195.358	100.8
195.875	102.844
196.394	105.2
196.911	106.8
197.43	107.2
197.947	110.978
198.466	111.689
198.983	114.489
199.502	115.022
200.019	118.267
200.538	121.2
201.055	122.578
201.574	125.022
202.09	127.644
202.609	128.889
203.126	131.022
203.644	134.089
204.161	137.333
204.68	139.778
205.196	141.956
205.713	144.711
206.231	146.889
206.748	151.378
207.266	155.6
207.782	157.689
208.301	159.333
208.817	163.911
209.334	166.8
209.852	170.311
210.368	175.022
210.886	177.378
211.403	180.533
211.919	182.533
212.437	185.822
212.953	190.356
213.471	190.4
213.987	193.956
214.503	195.556
215.021	195.822
215.537	199.067
216.053	199.467
216.571	200.311
217.087	199.511
217.603	200.4
218.121	198.889
218.637	200.622
219.152	198.133
219.67	196.356
220.186	194.933
220.702	191.333
221.217	188.933
221.735	184.267
222.25	183.244
222.766	179.778
223.284	176.089
223.799	172.844
224.315	168.489
224.83	164.356
225.347	159.6
225.863	154.356
226.378	150.711
226.893	146
227.411	141.733
227.926	137.644
228.441	131.867
228.957	129.156
229.472	123.689
229.989	119.867
230.504	116.356
231.019	114.133
231.534	110.533
232.049	107.6
232.566	104.044
233.081	103.333
233.596	100.444
234.111	98.3556
234.626	97.2444
235.141	95.5555
235.656	94.5778
236.173	92.9778
236.687	92.6222
237.202	91.9111
237.717	88.9778
238.232	88.8445
238.746	88.0889
239.261	90.3111
239.775	87.8667
240.29	87.5556
240.807	85.9111
241.321	85.7333
241.836	85.6444
242.35	85.5111
242.865	85.7333
243.379	84.1778
243.893	83.1556
244.408	83.8222
244.922	83.9556
245.436	83.3333
245.951	83.6
246.465	83.2
246.979	82.3111
247.493	82.8
248.007	82.7111
248.521	81.0667
249.035	81.2444
249.55	81.6889
250.064	81.9556
250.578	79.2
251.092	80.4889
251.605	82.6222
252.119	81.4667
252.633	81.2
253.147	80.2222
253.661	82.1333
254.175	79.6444
254.689	81.6444
255.202	80.3111
255.716	80.4444
256.23	81.5556
256.743	81.7333
257.257	80.4
257.771	80.4889
258.282	80
258.796	80.0889
259.309	81.3778
259.823	80.4889
260.336	81.0667
260.85	79.5555
261.363	80.1778
261.876	79.1556
262.39	81.6889
262.901	80.7556
263.414	80.7111
263.927	79.8222
264.441	79.2444
264.954	80.0889
265.467	79.8667
265.978	80.1333
266.491	80.8
267.004	81.6889
267.517	81.1111
268.03	80.2222
268.543	81.4222
269.054	80.4889
269.567	80.1778
270.08	80.1333
270.593	79.2
271.106	81.8667
271.617	79.5556
272.129	79.6889
272.642	80.3556
273.155	79.6444
273.666	79.7333
274.178	80.0889
274.691	79.6889
275.204	79.9111
275.714	79.0222
276.227	79.3333
276.739	79.9556
277.25	79.9556
277.762	78.5333
278.275	80.7556
278.787	79.2
279.297	79.1556
279.81	78.4889
280.322	80.1778
280.832	79.1556
281.345	80.4889
281.857	79.5555
282.367	80.8
282.879	79.5555
283.391	79.7778
283.902	80.5333
284.414	79.4667
284.924	81.6444
285.436	81.2889
285.948	83.8222
286.458	83.8222
286.97	82.5778
287.482	84.2667
287.991	84.4889
288.503	85.3778
289.013	86
289.525	87.8667
290.035	89.0222
290.547	90.1333
291.058	91.6
291.568	92.0444
292.08	92.6667
292.589	93.8667
293.101	95.2444
293.61	95.2
294.122	96.2222
294.631	98.2222
295.143	98.9333
295.652	98.8444
296.164	99.8222
296.675	100.267
297.185	102.089
297.696	101.333
298.205	101.6
298.715	102.311
299.226	101.867
299.735	100.178
300.246	101.2
300.755	99.8667
301.267	100.844
301.776	98.8
302.287	98.9333
302.796	98.5333
303.307	98.1778
303.816	97.2889
304.325	95.9556
304.836	94.5778
305.345	93.6444
305.856	93.5111
306.365	91.3778
306.875	91.8222
307.384	90.5333
307.893	89.0222
308.404	88.4444
308.912	86.1778
309.421	85.9556
309.932	85.0667
310.44	84.8
310.951	85.5556
311.46	85.1556
311.968	84.1778
312.479	83.3778
312.987	81.4222
313.496	81.6889
314.006	81.1555
314.514	80.6667
315.023	80.0889
315.533	81.0667
316.041	79.6889
316.55	78.5333
317.058	76.7556
317.568	76.5778
318.076	75.9556
318.585	76.0889
319.095	76.1333
319.603	75.6
320.111	75.7333
320.619	73.7333
321.129	74.3556
321.637	73.6
322.145	73.5111
322.653	72.9778
323.163	72.7556
323.671	72.8
324.179	72.1778
324.687	70.6667
325.194	71.2444
325.704	71.5556
326.212	71.0222
326.72	70.2222
327.227	70.6222
327.735	70.1333
328.245	70.0444
328.752	69.9556
329.26	69.3333
329.767	69.8222
330.275	69.2889
330.782	69.2889
331.29	70
331.799	70.3111
332.307	69.4222
332.814	70.9778
333.321	70.1333
333.829	68.3556
334.336	69.9111
334.843	69.6444
335.35	69.2445
335.858	69.5556
336.367	70.2222
336.874	69.1556
337.381	69.6444
337.888	67.7778
338.395	70.3111
338.902	69.5556
339.409	69.2444
339.916	69.2445
340.423	69.0222
340.93	68.1333
341.437	67.2
341.944	67.2889
342.451	67.2444
342.958	66.9333
343.464	65.6889
343.971	66.6667
344.478	66.1778
344.985	65.6444
345.491	66.2222
345.998	65.0667
346.505	64.8
347.011	65.8667
347.518	63.6444
348.024	64.8
348.531	64.2667
349.037	64.4444
349.544	63.5556
350.05	65.2889
350.557	64.3111
351.063	64.3111
351.569	64.0889
352.076	63.8667
352.58	63.9556
353.086	64.9333
353.592	64.9778
354.099	63.5556
354.605	63.7333
355.111	65.0667
355.617	65.4222
356.123	64.4
356.629	62.8889
357.133	63.8222
357.639	63.6889
358.145	63.8222
358.651	63.7333
359.157	64.4889
359.663	64
360.169	63.7778
360.672	63.9111
361.178	64.3111
361.684	64.2222
362.19	63.8222
362.696	63.9111
363.199	63.6
363.705	64.3556
364.21	64.4889
364.716	62.8
365.222	63.2444
365.725	64.0444
366.231	62.9333
366.736	63.2
367.242	63.2
367.745	63.2889
368.251	63.6444
368.756	62.8444
369.261	63.1111
369.765	63.5556
370.27	62.4444
370.775	61.8667
371.278	61.3778
371.784	61.7778
372.289	61.9111
372.792	62.0889
373.297	61.3333
373.802	61.2889
374.307	60.8444
374.81	62.1333
375.315	61.9111
375.82	60.8889
376.323	60.8
376.828	60.4444
377.331	61.2889
377.836	60.7111
378.341	60.3111
378.844	58.6222
379.348	60.4
379.853	58.8889
380.356	59.4222
380.861	59.7333
381.363	59.1111
381.868	58.8889
382.373	59.4222
382.875	58.9778
383.38	58.6222
383.882	58
384.387	58.6667
384.889	58.5333
385.394	58.7556
385.898	58.0444
386.4	59.5556
386.905	58.4
387.407	57.2
387.912	57.9556
388.414	57.2444
388.918	57.6444
389.42	57.1111
389.925	58.4444
390.427	56.5778
390.931	58.4444
391.433	57.1111
391.937	58.2667
392.439	56.6667
392.943	56.8
393.445	57.0667
393.949	56.7556
394.451	56.7111
394.955	55.7778
395.457	57.2444
395.959	57.2889
396.463	56.8444
396.964	56.6222
397.468	56.4889
397.97	55.9556
398.474	56.4
398.975	56.2667
399.477	56.5778
399.981	56.1333
400.482	56.0889
400.986	56.8889
401.488	56.3111
401.989	55.5111
402.493	55.7333
402.994	55.0222
403.495	56.2667
403.999	55.4667
404.5	55.4222
405.002	54.2222
405.505	55.0222
406.006	56.5778
406.508	55.5111
407.011	55.2
407.512	55.2889
408.013	55.4222
408.517	55.2444
409.018	55.9111
409.519	55.1556
410.022	56.6667
410.523	54.6222
411.024	54.8444
411.525	55.2444
412.028	56
412.529	54.5778
413.03	54.7111
413.531	55.0667
414.034	55.2444
414.534	55.0222
415.035	54.8889
415.536	54.8444
416.039	55.1111
416.54	55.2444
417.04	55.4222
417.541	55.2889
418.042	56.1333
418.544	55.2444
419.045	55.8222
419.545	56.1333
420.046	54.8
420.546	55.9111
421.047	55.6444
421.549	55.5556
422.05	54.7556
422.55	55.7333
423.051	55.8222
423.551	55.2
424.051	55.4667
424.551	56.8889
425.052	55.3333
425.554	54.8
426.054	54.7556
426.554	55.6889
427.054	55.2444
427.555	55.8667
428.055	54.6667
428.555	55.0667
429.055	54.9333
429.555	54.5333
430.055	55.0222
430.555	54.7111
431.055	54.5333
431.557	54.5778
432.056	54.4444
432.556	54.6667
433.056	54.0444
433.556	54.4
434.056	53.4222
434.555	54.5778
435.055	54.3556
435.555	54.0889
436.055	53.8222
436.554	54.8
437.054	53.5556
437.553	54.7111
438.053	53.3778
438.552	53.9111
439.052	53.7333
439.549	52.1333
440.049	51.9556
440.548	52.6222
441.047	53.3333
441.547	53.8667
442.046	53.6444
442.545	53.0667
443.045	53.1111
443.544	53.4667
444.043	52.6222
444.542	52.2222
445.042	51.4667
445.541	52.7556
446.038	52.4444
446.537	52
447.036	51.8667
447.535	51.3333
448.034	52.0444
448.533	51.6889
449.032	51.2
449.529	51.0667
450.028	50.7111
450.527	51.8667
451.025	51.9556
451.524	51.3778
452.023	50.0889
452.52	49.8667
453.018	50.7556
453.517	49.4222
454.016	49.4222
454.514	49.5556
455.011	48.9333
455.51	49.0667
456.008	47.3778
456.507	47.5556
457.003	47.5556
457.502	47.6
458	48.1778
458.499	47.1111
458.995	46.3556
459.493	47.7333
459.992	46.9778
460.49	46.1778
460.986	46.8889
461.484	46.2667
461.983	45.6
462.479	45.4667
462.977	45.4222
463.475	45.4222
463.971	45.2889
464.469	44.0889
464.968	45.2444
465.464	44.9333
465.962	44.7556
466.46	44.2667
466.955	43.7333
467.453	44.3556
467.951	43.8222
468.447	45.2444
468.945	43.8667
469.443	44
469.939	44
470.436	43.9111
470.932	43.1556
471.43	43.0222
471.928	42.5778
472.423	42.4
472.921	43.8222
473.416	42.8
473.914	42.1778
474.41	44.3111
474.907	42.4889
475.405	43.5111
475.9	41.7778
476.398	42.7556
476.893	43.2889
477.39	43.1556
477.886	41.8222
478.383	42.8
478.878	41.4222
479.376	42.4889
479.871	42
480.368	42
480.863	42.5778
481.36	42.3111
481.856	41.4667
482.353	41.6
482.848	41.6889
483.345	42.6222
483.84	41.4222
484.337	41.3778
484.832	41.6
485.327	41.3333
485.824	41.6
486.319	41.5111
486.815	40.4889
487.31	40.7556
487.807	41.3333
488.302	40.9778
488.797	40.5333
489.293	41.9556
489.788	40.2667
490.283	41.1111
490.779	40
491.274	41.0222
491.771	40.7556
492.265	41.1111
492.76	41.2444
493.256	41.0667
493.751	40.4
494.245	41.0667
494.742	39.8667
495.236	40.3556
495.73	41.2889
496.227	40.7111
496.721	40.2222
497.215	40.7556
497.712	41.2444
498.206	41.0222
498.7	41.4667
499.194	40.4444
499.691	40.3111
500.185	40.8889
500.679	41.1111
501.173	40.7556
501.669	40.5333
502.163	40.9333
502.657	40.6667
503.151	40.5333
503.647	40.6667
504.141	40.2222
504.635	40.9778
505.129	40.1333
505.624	41.1556
506.118	41.4222
506.612	40.0889
507.106	40.0889
507.6	41.1111
508.093	41.0222
508.589	40.7111
509.083	40.6222
509.576	40.4
510.07	41.2889
510.563	40.4889
511.057	40.8444
511.552	40.6222
512.046	39.6
512.539	40.6667
513.033	38.8889
513.526	39.9556
514.02	39.7778
514.513	40.0444
515.006	39.8667
515.5	39.4222
515.993	39.2444
516.488	39.4667
516.981	39.3778
517.475	39.7333
517.968	38.7556
518.461	39.9111
518.954	38.9778
519.447	39.7778
519.94	38.7556
520.433	38.8
520.926	40.6222
521.419	39.9111
521.912	40.6667
522.405	38.6222
522.898	39.5556
523.391	39.1111
523.884	38.7556
524.377	38.9333
524.869	39.2889
525.362	39.9111
525.855	39.2889
526.348	40.2222
526.84	39.7778
527.333	38.6667
527.826	38.6222
528.318	39.7778
528.811	39.4667
529.303	38.7111
529.796	39.4667
530.286	38.6667
530.779	40.0889
531.271	39.6
531.764	39.6
532.256	39.3778
532.748	39.3333
533.241	39.3778
533.733	40.0889
534.225	38.1778
534.716	39.2
535.208	38.1333
535.7	38.3111
536.192	38.3111
536.684	39.2
537.176	39.1111
537.669	38.9333
538.159	38.9333
538.651	39.5111
539.143	39.2444
539.635	39.4222
540.127	38.5778
540.617	39.0667
541.109	38.9778
541.6	37.9556
542.092	39.2
542.584	39.0222
543.074	38.4889
543.566	38.7556
544.057	39.0222
544.549	39.1556
545.039	38.6222
545.531	39.7333
546.022	38.7111
546.514	38.8889
547.003	39.7778
547.495	39.5111
547.987	38.3556
548.476	39.0667
548.967	39.2
549.459	38.8889
549.95	37.6889
550.44	39.2889
550.931	38.2222
551.423	39.0222
551.912	38.5778
552.403	38
552.894	38.6667
553.384	39.2889
553.875	37.8667
554.364	38.4444
554.855	38.3111
555.346	38.1333
555.836	38.0889
556.327	38.5333
556.818	37.9111
557.307	38.7556
557.798	37.3333
558.287	37.8222
558.778	37.6889
559.269	37.5111
559.757	36.9778
560.248	36.6222
560.737	37.4667
561.228	36.7111
561.717	35.4667
562.208	36.4444
562.696	37.0222
563.187	36
563.678	36.8889
564.166	36.8
564.657	36.7556
565.146	35.8667
565.636	37.2444
566.125	36.2667
566.615	36.9778
567.104	36.3111
567.594	36.4889
568.083	37.1111
568.571	36.2667
569.062	36.7111
569.55	36.3556
570.04	36.6667
570.529	35.2444
571.019	36.4889
571.507	36.6222
571.997	35.9556
572.486	36.5333
572.974	36.7111
573.464	35.8222
573.952	37.9111
574.442	36.3111
574.93	36.0889
575.418	37.5111
575.908	36.6222
576.396	36.4889
576.886	37.2889
577.374	37.7333
577.862	37.4222
578.352	36.4889
578.84	36.8
579.328	37.6444
579.818	37.2
580.305	37.7778
580.793	37.2
581.283	38.1333
581.771	37.4222
582.258	38.1333
582.748	38
583.236	37.4222
583.723	38.1778
584.211	38.2667
584.7	37.3778
585.188	37.6
585.675	37.7778
586.163	37.8222
586.652	38.4444
587.14	37.8222
587.627	38
588.115	38.4444
588.604	37.3778
589.091	38.4
589.578	38.2667
590.066	38.1778
590.555	38.8
591.042	38.9333
591.529	38.8889
592.017	39.0667
592.504	37.6889
592.993	38.8889
593.48	37.9111
593.967	38.3111
594.454	38.3556
594.941	38.8444
595.428	37.8222
595.915	38.6667
596.404	37.2
596.891	38.5778
597.378	38.2667
597.864	38.1333
598.351	38.4889
598.838	37.4667
599.325	38.2222
599.812	37.7333
600.3	37.6
600.787	37.3333
601.274	37.1111
601.76	37.5111
602.247	37.7778
602.733	37.2
603.22	37.7778
603.707	36.8889
604.193	38.3556
604.68	38.2222
605.166	37.3778
605.652	37.0667
606.139	36.9778
606.625	36.9333
607.112	36.8889
607.598	36.7111
608.084	37.1111
608.57	36.1333
609.057	36.4889
609.543	36.3111
610.029	36.4889
610.515	36.4889
611.001	36.5333
611.487	36.5778
611.974	35.7778
612.46	36.9778
612.946	36.1778
613.432	36.5333
613.918	36.4444
614.404	35.6444
614.89	36.4
615.373	36.4889
615.859	35.6444
616.345	35.9111
616.831	35.9111
617.317	35.3333
617.803	35.9111
618.288	35.1556
618.774	35.4667
619.26	35.3333
619.743	35.1556
620.229	35.5556
620.715	35.2444
621.2	36.0889
621.686	34.9778
622.171	35.0667
622.655	34.3556
623.14	34.8444
623.626	35.5556
624.111	35.1556
624.597	34.5333
625.08	35.4667
625.565	34.4444
626.051	34.5333
626.536	35.0667
627.021	33.8667
627.505	34.0889
627.99	35.3333
628.475	34.6667
628.96	34.8444
629.443	35.1556
629.929	32.9333
630.414	34.1333
630.897	34.1778
631.382	35.0222
631.867	34.2222
632.352	34.3111
632.835	33.7333
633.32	33.1556
633.805	33.7778
634.287	34.1333
634.772	33.2889
635.257	33.5111
635.74	33.6
636.225	33.3333
636.71	32.7111
637.192	33.2889
637.677	32.8
638.162	33.8222
638.644	33.2889
639.129	33.2889
639.612	33.3333
640.096	32.0889
640.581	32.8
641.063	32.7556
641.548	32.2667
642.03	32.5333
642.515	31.7778
642.999	32.8889
643.482	32.5333
643.966	32
644.448	32
644.933	31.6889
645.415	31.5556
645.899	31.9111
646.381	32.0444
646.866	31.4667
647.348	31.2889
647.832	31.8222
648.316	30.9333
648.798	31.0667
649.282	31.9556
649.764	31.4667
650.246	30.9778
650.73	31.2
651.212	31.6
651.696	30.7556
652.178	31.7333
652.662	31.3778
