138.635	1.28889
139.157	1.55556
139.68	1.64444
140.202	1.77778
140.724	1.42222
141.246	1.73333
141.768	1.6
142.291	1.64444
142.815	1.73333
143.337	1.68889
143.859	1.64444
144.381	1.64444
144.903	1.82222
145.425	1.86667
145.947	1.95556
146.469	1.77778
146.991	1.95556
147.513	2.13333
148.034	2.13333
148.556	2.04444
149.078	2.17778
149.6	2.17778
150.121	2.31111
150.643	2.26667
151.165	2.22222
151.686	2.31111
152.208	2.48889
152.73	2.71111
153.251	2.88889
153.773	2.44444
154.294	2.97778
154.815	2.88889
155.337	3.28889
155.858	3.02222
156.38	2.84444
156.901	3.11111
157.422	2.84444
157.941	3.02222
158.463	3.33333
158.984	3.51111
159.505	3.73333
160.026	3.28889
160.547	3.68889
161.068	3.33333
161.589	3.46667
162.11	3.28889
162.632	3.37778
163.15	3.28889
163.671	3.37778
164.192	3.24444
164.713	3.24444
165.234	3.06667
165.755	2.97778
166.276	2.75556
166.794	2.97778
167.315	2.97778
167.836	2.93333
168.356	2.8
168.877	2.66667
169.398	2.8
169.916	2.66667
170.437	3.02222
170.957	3.02222
171.478	2.8
171.998	2.53333
172.517	2.8
173.037	2.88889
173.557	2.84444
174.078	2.62222
174.596	2.8
175.116	2.48889
175.637	2.88889
176.157	2.62222
176.675	2.53333
177.195	2.53333
177.715	2.48889
178.235	2.93333
178.753	2.48889
179.274	2.48889
179.794	2.88889
180.311	2.8
180.831	2.48889
181.351	2.66667
181.869	2.44444
182.389	2.66667
182.909	2.62222
183.427	2.57778
183.947	2.48889
184.466	2.48889
184.984	2.57778
185.504	2.8
186.023	2.48889
186.541	2.48889
187.061	2.93333
187.58	2.75556
188.098	2.93333
188.617	2.57778
189.137	2.62222
189.654	2.84444
190.174	2.71111
190.691	2.53333
191.21	2.71111
191.73	2.75556
192.247	2.8
192.766	2.88889
193.284	2.88889
193.803	2.48889
194.32	2.8
194.839	2.93333
195.358	2.31111
195.875	2.84444
196.394	2.93333
196.911	3.06667
197.43	3.2
197.947	2.75556
198.466	2.84444
198.983	2.88889
199.502	2.93333
200.019	2.97778
200.538	2.71111
201.055	2.97778
201.574	2.66667
202.09	2.84444
202.609	3.15556
203.126	2.97778
203.644	3.24444
204.161	3.06667
204.68	2.8
205.196	3.2
205.713	3.33333
206.231	2.8
206.748	3.11111
207.266	3.02222
207.782	2.93333
208.301	2.93333
208.817	2.71111
209.334	2.88889
209.852	2.84444
210.368	3.02222
210.886	2.75556
211.403	2.8
211.919	3.15556
212.437	3.02222
212.953	2.8
213.471	2.93333
213.987	3.06667
214.503	3.15556
215.021	2.84444
215.537	2.93333
216.053	3.2
216.571	3.02222
217.087	3.02222
217.603	3.33333
218.121	3.11111
218.637	3.46667
219.152	3.11111
219.67	3.02222
220.186	3.06667
220.702	3.28889
221.217	3.15556
221.735	3.6
222.25	3.06667
222.766	3.28889
223.284	3.11111
223.799	3.11111
224.315	3.02222
224.83	3.06667
225.347	3.15556
225.863	2.84444
226.378	3.24444
226.893	3.28889
227.411	3.2
227.926	2.93333
228.441	2.8
228.957	2.75556
229.472	3.28889
229.989	2.66667
230.504	2.88889
231.019	2.71111
231.534	2.75556
232.049	2.66667
232.566	2.8
233.081	2.66667
233.596	2.88889
234.111	2.75556
234.626	2.66667
235.141	2.62222
235.656	2.53333
236.173	2.35556
236.687	2.93333
237.202	2.53333
237.717	2.88889
238.232	2.71111
238.746	2.48889
239.261	2.53333
239.775	2.71111
240.29	2.53333
240.807	2.71111
241.321	2.53333
241.836	2.22222
242.35	2.93333
242.865	2.93333
243.379	2.71111
243.893	2.44444
244.408	2.71111
244.922	3.2
245.436	2.62222
245.951	2.84444
246.465	2.66667
246.979	2.66667
247.493	2.88889
248.007	2.84444
248.521	2.4
249.035	2.62222
249.55	2.71111
250.064	2.8
250.578	3.02222
251.092	2.71111
251.605	2.71111
252.119	2.57778
252.633	2.57778
253.147	2.75556
253.661	2.97778
254.175	2.75556
254.689	2.62222
255.202	2.97778
255.716	2.4
256.23	2.57778
256.743	2.57778
257.257	2.93333
257.771	2.62222
258.282	2.75556
258.796	2.75556
259.309	2.88889
259.823	2.8
260.336	2.84444
260.85	2.48889
261.363	2.93333
261.876	2.75556
262.39	3.02222
262.901	2.8
263.414	2.88889
263.927	2.84444
264.441	2.8
264.954	2.71111
265.467	2.93333
265.978	3.06667
266.491	2.84444
267.004	3.02222
267.517	3.64444
268.03	3.55556
268.543	3.37778
269.054	3.28889
269.567	3.51111
270.08	3.02222
270.593	2.84444
271.106	2.48889
271.617	2.66667
272.129	2.97778
272.642	3.02222
273.155	2.84444
273.666	2.8
274.178	2.8
274.691	2.93333
275.204	2.62222
275.714	2.8
276.227	2.8
276.739	2.88889
277.25	2.97778
277.762	2.84444
278.275	2.62222
278.787	3.2
279.297	3.51111
279.81	3.42222
280.322	3.51111
280.832	3.77778
281.345	3.82222
281.857	3.82222
282.367	3.91111
282.879	3.91111
283.391	4.31111
283.902	4.48889
284.414	5.02222
284.924	5.06667
285.436	5.46667
285.948	6.08889
286.458	6.44444
286.97	6.88889
287.482	7.86667
287.991	8.84445
288.503	9.77778
289.013	11.6444
289.525	13.9556
290.035	16.9333
290.547	20.7111
291.058	25.2444
291.568	30.9333
292.08	34.5778
292.589	36.2222
293.101	34.3111
293.61	29.7778
294.122	27.4667
294.631	23.9111
295.143	20.3111
295.652	17.7778
296.164	16.4
296.675	13.8667
297.185	12.5333
297.696	10.8889
298.205	10.4889
298.715	9.42222
299.226	8.57778
299.735	7.77778
300.246	7.06667
300.755	6.53333
301.267	6.26667
301.776	5.86667
302.287	5.55556
302.796	5.06667
303.307	4.71111
303.816	5.06667
304.325	4.4
304.836	4.57778
305.345	4.08889
305.856	4.22222
306.365	4.17778
306.875	3.95556
307.384	3.86667
307.893	3.86667
308.404	3.77778
308.912	3.51111
309.421	3.73333
309.932	3.64444
310.44	3.33333
310.951	3.64444
311.46	3.33333
311.968	3.42222
312.479	3.33333
312.987	3.06667
313.496	3.28889
314.006	3.11111
314.514	3.11111
315.023	2.75556
315.533	2.75556
316.041	2.88889
316.55	3.2
317.058	2.71111
317.568	2.8
318.076	2.71111
318.585	2.93333
319.095	2.84444
319.603	2.8
320.111	2.62222
320.619	2.75556
321.129	2.66667
321.637	2.66667
322.145	2.66667
322.653	2.53333
323.163	2.57778
323.671	2.57778
324.179	2.71111
324.687	2.66667
325.194	2.75556
325.704	2.4
326.212	2.84444
326.72	2.48889
327.227	2.88889
327.735	2.75556
328.245	2.57778
328.752	2.71111
329.26	2.62222
329.767	2.88889
330.275	3.15556
330.782	2.75556
331.29	3.02222
331.799	2.97778
332.307	2.88889
332.814	3.02222
333.321	2.88889
333.829	2.84444
334.336	3.02222
334.843	2.4
335.35	2.57778
335.858	3.02222
336.367	2.66667
336.874	3.15556
337.381	2.8
337.888	2.71111
338.395	2.88889
338.902	2.93333
339.409	2.84444
339.916	2.57778
340.423	2.48889
340.93	2.57778
341.437	2.93333
341.944	2.4
342.451	2.75556
342.958	2.66667
343.464	2.44444
343.971	2.66667
344.478	2.53333
344.985	2.35556
345.491	2.71111
345.998	2.53333
346.505	2.66667
347.011	2.48889
347.518	2.44444
348.024	2.8
348.531	2.57778
349.037	2.57778
349.544	2.66667
350.05	2.75556
350.557	2.44444
351.063	2.44444
351.569	2.71111
352.076	2.35556
352.58	2.48889
353.086	2.66667
353.592	2.4
354.099	2.66667
354.605	2.4
355.111	2.75556
355.617	2.31111
356.123	2.84444
356.629	2.35556
357.133	2.71111
357.639	2.93333
358.145	2.26667
358.651	2.53333
359.157	2.75556
359.663	2.57778
360.169	2.66667
360.672	2.71111
361.178	2.44444
361.684	2.44444
362.19	2.62222
362.696	2.48889
363.199	2.48889
363.705	2.44444
364.21	2.62222
364.716	2.44444
365.222	2.71111
365.725	2.62222
366.231	2.4
366.736	2.31111
367.242	2.22222
367.745	2.4
368.251	2.22222
368.756	2.22222
369.261	2.35556
369.765	2.22222
370.27	2.22222
370.775	2.53333
371.278	2.31111
371.784	2.4
372.289	2.08889
372.792	2.4
373.297	2.31111
373.802	2.08889
374.307	2.13333
374.81	2.4
375.315	2.26667
375.82	2.35556
376.323	2.44444
376.828	2.26667
377.331	2.26667
377.836	2.17778
378.341	2.26667
378.844	2.26667
379.348	2.04444
379.853	2.35556
380.356	2.31111
380.861	2.08889
381.363	1.91111
381.868	2.22222
382.373	2.17778
382.875	2.08889
383.38	2
383.882	2.17778
384.387	2.13333
384.889	2.26667
385.394	2.22222
385.898	1.77778
386.4	2.04444
386.905	2.13333
387.407	2
387.912	1.68889
388.414	2.08889
388.918	2.04444
389.42	1.91111
389.925	2.08889
390.427	1.86667
390.931	2.13333
391.433	1.64444
391.937	2.17778
392.439	2.31111
392.943	2.17778
393.445	2.04444
393.949	1.95556
394.451	2
394.955	1.95556
395.457	1.77778
395.959	1.86667
396.463	2.04444
396.964	1.91111
397.468	1.91111
397.97	1.82222
398.474	2
398.975	2.08889
399.477	2.08889
399.981	2.08889
400.482	1.82222
400.986	2.22222
401.488	1.73333
401.989	1.86667
402.493	2.08889
402.994	1.73333
403.495	1.95556
403.999	2.13333
404.5	1.86667
405.002	2.17778
405.505	1.68889
406.006	1.95556
406.508	1.91111
407.011	2
407.512	1.6
408.013	2
408.517	2.08889
409.018	1.95556
409.519	1.95556
410.022	1.95556
410.523	2
411.024	1.95556
411.525	1.91111
412.028	2
412.529	1.86667
413.03	2
413.531	1.73333
414.034	1.95556
414.534	2.17778
415.035	1.91111
415.536	2
416.039	1.77778
416.54	1.91111
417.04	1.82222
417.541	1.86667
418.042	1.68889
418.544	2.13333
419.045	2.22222
419.545	1.68889
420.046	2.17778
420.546	1.73333
421.047	1.95556
421.549	2.4
422.05	2.04444
422.55	1.82222
423.051	1.86667
423.551	2.04444
424.051	1.91111
424.551	1.64444
425.052	1.46667
425.554	1.86667
426.054	2.13333
426.554	2.13333
427.054	1.64444
427.555	2
428.055	1.86667
428.555	1.86667
429.055	2.13333
429.555	2.04444
430.055	1.86667
430.555	2.04444
431.055	2.13333
431.557	1.91111
432.056	2.17778
432.556	2.08889
433.056	2.08889
433.556	1.86667
434.056	1.95556
434.555	1.95556
435.055	1.82222
435.555	2.22222
436.055	1.91111
436.554	1.91111
437.054	2
437.553	2
438.053	1.82222
438.552	2
439.052	2
439.549	2
440.049	1.86667
440.548	2
441.047	2.04444
441.547	2
442.046	2.13333
442.545	2
443.045	1.95556
443.544	2.08889
444.043	2.04444
444.542	1.91111
445.042	2.17778
445.541	1.77778
446.038	1.73333
446.537	2
447.036	2
447.535	1.91111
448.034	1.82222
448.533	2
449.032	2.04444
449.529	1.95556
450.028	2
450.527	2.04444
451.025	2.08889
451.524	1.86667
452.023	2.13333
452.52	1.73333
453.018	2.17778
453.517	2.04444
454.016	2.22222
454.514	2.08889
455.011	2.08889
455.51	1.86667
456.008	2.22222
456.507	2.26667
457.003	2.13333
457.502	2.13333
458	2.04444
458.499	2.44444
458.995	2.13333
459.493	1.95556
459.992	2.13333
460.49	2.4
460.986	2.13333
461.484	2.08889
461.983	1.91111
462.479	1.95556
462.977	1.86667
463.475	1.77778
463.971	1.95556
464.469	2.17778
464.968	2.08889
465.464	1.91111
465.962	2.04444
466.46	2.04444
466.955	1.64444
467.453	2.22222
467.951	1.86667
468.447	1.82222
468.945	2.08889
469.443	2.04444
469.939	1.91111
470.436	1.86667
470.932	2.04444
471.43	1.77778
471.928	1.64444
472.423	1.91111
472.921	2.17778
473.416	1.86667
473.914	1.86667
474.41	2.26667
474.907	2.08889
475.405	1.68889
475.9	1.95556
476.398	2.04444
476.893	2.13333
477.39	1.91111
477.886	1.77778
478.383	2.17778
478.878	2.17778
479.376	1.6
479.871	1.73333
480.368	2.08889
480.863	2.22222
481.36	1.86667
481.856	2.04444
482.353	2.04444
482.848	1.95556
483.345	2.13333
483.84	2
484.337	1.91111
484.832	1.82222
485.327	2
485.824	1.91111
486.319	2.22222
486.815	1.77778
487.31	1.91111
487.807	1.95556
488.302	1.73333
488.797	1.95556
489.293	2.08889
489.788	1.73333
490.283	2.08889
490.779	1.82222
491.274	2.04444
491.771	1.68889
492.265	2.08889
492.76	2.17778
493.256	2.22222
493.751	1.86667
494.245	1.77778
494.742	1.86667
495.236	2.17778
495.73	2.04444
496.227	1.91111
496.721	2.04444
497.215	2
497.712	2.26667
498.206	2.17778
498.7	2.04444
499.194	2.04444
499.691	1.86667
500.185	2.31111
500.679	2.04444
501.173	1.95556
501.669	2.17778
502.163	2.22222
502.657	2.22222
503.151	2.35556
503.647	2.4
504.141	2.26667
504.635	2.17778
505.129	2.57778
505.624	2.48889
506.118	2.71111
506.612	2.8
507.106	2.57778
507.6	2.88889
508.093	2.84444
508.589	2.88889
509.083	2.75556
509.576	2.71111
510.07	2.53333
510.563	2.84444
511.057	2.71111
511.552	2.53333
512.046	2.22222
512.539	2.62222
513.033	2.48889
513.526	2.48889
514.02	2.35556
514.513	2.35556
515.006	2.04444
515.5	2.35556
515.993	2.13333
516.488	2.22222
516.981	2.26667
517.475	2.35556
517.968	2.4
518.461	2.13333
518.954	2.4
519.447	2.35556
519.94	2.26667
520.433	2.31111
520.926	2.26667
521.419	2.48889
521.912	2.04444
522.405	2.13333
522.898	2.66667
523.391	2.13333
523.884	2.53333
524.377	2.4
524.869	2.04444
525.362	2.13333
525.855	2.48889
526.348	2.13333
526.84	2.4
527.333	2.48889
527.826	2
528.318	2.4
528.811	2.44444
529.303	2.4
529.796	2.4
530.286	2.17778
530.779	2.35556
531.271	2.4
531.764	2.44444
532.256	2.48889
532.748	2.71111
533.241	2.35556
533.733	2.35556
534.225	2.62222
534.716	2.62222
535.208	2.62222
535.7	2.53333
536.192	2.8
536.684	2.57778
537.176	2.57778
537.669	2.53333
538.159	2.26667
538.651	2.04444
539.143	2.22222
539.635	2.04444
540.127	2.26667
540.617	2.22222
541.109	1.86667
541.6	2.04444
542.092	1.68889
542.584	2.04444
543.074	1.82222
543.566	2.04444
544.057	1.86667
544.549	1.95556
545.039	1.82222
545.531	1.95556
546.022	1.73333
546.514	2.08889
547.003	2.17778
547.495	1.6
547.987	1.95556
548.476	1.95556
548.967	1.73333
549.459	1.77778
549.95	1.86667
550.44	1.86667
550.931	1.91111
551.423	1.95556
551.912	1.91111
552.403	1.82222
552.894	2.04444
553.384	1.91111
553.875	2.04444
554.364	1.86667
554.855	1.55556
555.346	1.82222
555.836	1.82222
556.327	1.95556
556.818	2.08889
557.307	1.73333
557.798	1.68889
558.287	2.08889
558.778	1.64444
559.269	1.95556
559.757	1.55556
560.248	2.08889
560.737	1.91111
561.228	1.82222
561.717	1.82222
562.208	2
562.696	1.64444
563.187	1.55556
563.678	1.86667
564.166	1.77778
564.657	1.73333
565.146	1.77778
565.636	2
566.125	1.77778
566.615	1.86667
567.104	2.26667
567.594	1.95556
568.083	1.77778
568.571	1.86667
569.062	2.08889
569.55	1.95556
570.04	2.08889
570.529	1.95556
571.019	1.95556
571.507	2
571.997	1.95556
572.486	1.73333
572.974	1.91111
573.464	1.77778
573.952	1.68889
574.442	2.4
574.93	2.04444
575.418	2.04444
575.908	1.86667
576.396	1.82222
576.886	1.82222
577.374	1.91111
577.862	1.82222
578.352	2
578.84	1.91111
579.328	1.77778
579.818	1.68889
580.305	1.91111
580.793	1.91111
581.283	1.73333
581.771	2.17778
582.258	2.13333
582.748	1.42222
583.236	1.73333
583.723	1.73333
584.211	1.55556
584.7	1.46667
585.188	1.68889
585.675	1.51111
586.163	1.77778
586.652	1.55556
587.14	1.73333
587.627	1.51111
588.115	1.86667
588.604	1.73333
589.091	1.51111
589.578	1.73333
590.066	1.64444
590.555	1.37778
591.042	1.55556
591.529	1.51111
592.017	1.46667
592.504	1.55556
592.993	1.42222
593.48	1.55556
593.967	1.77778
594.454	1.6
594.941	1.64444
595.428	1.46667
595.915	1.55556
596.404	1.55556
596.891	1.64444
597.378	1.51111
597.864	1.77778
598.351	1.24444
598.838	1.51111
599.325	1.64444
599.812	1.42222
600.3	1.64444
600.787	1.51111
601.274	1.55556
601.76	1.73333
602.247	1.68889
602.733	1.46667
603.22	1.64444
603.707	1.73333
604.193	1.73333
604.68	1.55556
605.166	1.24444
605.652	1.68889
606.139	1.73333
606.625	1.46667
607.112	1.68889
607.598	1.73333
608.084	1.64444
608.57	1.6
609.057	1.68889
609.543	1.73333
610.029	1.46667
610.515	1.82222
611.001	1.68889
611.487	1.55556
611.974	1.6
612.46	1.46667
612.946	1.77778
613.432	1.82222
613.918	1.82222
614.404	1.6
614.89	1.73333
615.373	1.68889
615.859	1.55556
616.345	1.68889
616.831	1.51111
617.317	1.77778
617.803	1.37778
618.288	1.51111
618.774	1.82222
619.26	1.68889
619.743	1.73333
620.229	1.51111
620.715	1.46667
621.2	1.73333
621.686	1.77778
622.171	1.77778
622.655	1.55556
623.14	1.46667
623.626	1.86667
624.111	1.33333
624.597	1.51111
625.08	1.55556
625.565	1.64444
626.051	1.68889
626.536	1.73333
627.021	1.51111
627.505	1.86667
627.99	1.6
628.475	1.55556
628.96	1.64444
629.443	1.46667
629.929	1.6
630.414	1.6
630.897	1.73333
631.382	1.46667
631.867	1.64444
632.352	1.55556
632.835	1.42222
633.32	1.77778
633.805	1.46667
634.287	1.68889
634.772	1.51111
635.257	1.86667
635.74	1.77778
636.225	1.51111
636.71	1.86667
637.192	1.64444
637.677	1.68889
638.162	1.68889
638.644	1.24444
639.129	1.46667
639.612	1.68889
640.096	1.6
640.581	1.68889
641.063	1.42222
641.548	1.68889
642.03	1.68889
642.515	1.42222
642.999	1.55556
643.482	1.42222
643.966	1.55556
644.448	1.77778
644.933	1.51111
645.415	1.68889
645.899	1.33333
646.381	1.6
646.866	1.64444
647.348	1.51111
647.832	1.37778
648.316	1.64444
648.798	1.46667
649.282	1.64444
649.764	1.64444
650.246	1.51111
650.73	1.42222
651.212	1.64444
651.696	1.82222
652.178	1.6
652.662	1.64444
