138.635	1.42222
139.157	1.42222
139.68	1.42222
140.202	1.42222
140.724	1.42222
141.246	1.77778
141.768	1.55556
142.291	2
142.815	1.77778
143.337	1.68889
143.859	1.64444
144.381	1.82222
144.903	1.82222
145.425	1.95556
145.947	1.64444
146.469	2.04444
146.991	1.68889
147.513	2.08889
148.034	2.44444
148.556	2.22222
149.078	2.04444
149.6	2.31111
150.121	2.22222
150.643	2.26667
151.165	2.31111
151.686	2.62222
152.208	2.88889
152.73	2.44444
153.251	2.75556
153.773	2.62222
154.294	2.97778
154.815	2.97778
155.337	3.15556
155.858	2.97778
156.38	3.11111
156.901	3.28889
157.422	3.02222
157.941	3.46667
158.463	3.42222
158.984	3.46667
159.505	3.33333
160.026	3.42222
160.547	3.6
161.068	3.82222
161.589	3.46667
162.11	3.68889
162.632	3.37778
163.15	3.33333
163.671	3.11111
164.192	3.06667
164.713	3.11111
165.234	3.11111
165.755	3.06667
166.276	3.06667
166.794	2.71111
167.315	2.66667
167.836	2.66667
168.356	2.62222
168.877	2.71111
169.398	2.75556
169.916	2.44444
170.437	2.57778
170.957	3.02222
171.478	2.71111
171.998	2.66667
172.517	2.57778
173.037	2.88889
173.557	2.75556
174.078	2.57778
174.596	2.84444
175.116	2.62222
175.637	2.44444
176.157	2.8
176.675	2.8
177.195	2.53333
177.715	2.75556
178.235	2.53333
178.753	2.84444
179.274	2.71111
179.794	2.71111
180.311	2.4
180.831	2.4
181.351	2.71111
181.869	2.57778
182.389	2.57778
182.909	2.4
183.427	2.8
183.947	2.57778
184.466	2.57778
184.984	2.66667
185.504	2.62222
186.023	2.53333
186.541	2.62222
187.061	2.71111
187.58	2.66667
188.098	2.57778
188.617	2.71111
189.137	2.8
189.654	2.88889
190.174	2.75556
190.691	2.75556
191.21	2.53333
191.73	2.84444
192.247	2.53333
192.766	2.71111
193.284	2.44444
193.803	2.71111
194.32	2.62222
194.839	2.66667
195.358	2.66667
195.875	3.02222
196.394	2.93333
196.911	2.84444
197.43	3.06667
197.947	2.93333
198.466	2.84444
198.983	3.2
199.502	2.97778
200.019	3.11111
200.538	3.02222
201.055	2.93333
201.574	3.06667
202.09	2.84444
202.609	3.24444
203.126	2.75556
203.644	2.84444
204.161	3.24444
204.68	3.11111
205.196	3.06667
205.713	3.42222
206.231	3.11111
206.748	2.84444
207.266	2.93333
207.782	3.2
208.301	3.02222
208.817	2.88889
209.334	2.66667
209.852	3.33333
210.368	2.97778
210.886	3.06667
211.403	2.97778
211.919	2.75556
212.437	3.24444
212.953	2.97778
213.471	3.24444
213.987	2.93333
214.503	3.2
215.021	3.11111
215.537	3.11111
216.053	3.24444
216.571	3.42222
217.087	3.33333
217.603	3.15556
218.121	3.42222
218.637	3.06667
219.152	3.42222
219.67	3.15556
220.186	3.28889
220.702	3.42222
221.217	3.46667
221.735	3.2
222.25	3.28889
222.766	3.02222
223.284	3.33333
223.799	3.28889
224.315	3.11111
224.83	3.06667
225.347	3.42222
225.863	3.28889
226.378	3.24444
226.893	3.28889
227.411	3.28889
227.926	3.06667
228.441	2.66667
228.957	2.8
229.472	2.75556
229.989	2.93333
230.504	2.88889
231.019	2.57778
231.534	2.62222
232.049	2.75556
232.566	2.53333
233.081	2.66667
233.596	2.93333
234.111	2.53333
234.626	2.71111
235.141	2.44444
235.656	2.62222
236.173	2.66667
236.687	2.44444
237.202	2.8
237.717	2.35556
238.232	2.62222
238.746	2.62222
239.261	2.57778
239.775	2.84444
240.29	2.93333
240.807	2.75556
241.321	2.75556
241.836	2.57778
242.35	2.57778
242.865	2.44444
243.379	2.57778
243.893	2.66667
244.408	2.57778
244.922	2.57778
245.436	2.48889
245.951	2.66667
246.465	2.71111
246.979	2.66667
247.493	2.57778
248.007	2.71111
248.521	2.62222
249.035	2.97778
249.55	2.75556
250.064	2.66667
250.578	2.66667
251.092	2.66667
251.605	2.57778
252.119	2.8
252.633	2.88889
253.147	2.75556
253.661	2.97778
254.175	2.4
254.689	2.88889
255.202	2.8
255.716	2.8
256.23	2.4
256.743	3.02222
257.257	2.84444
257.771	2.8
258.282	2.66667
258.796	2.88889
259.309	2.44444
259.823	2.88889
260.336	2.44444
260.85	2.84444
261.363	2.44444
261.876	2.97778
262.39	2.97778
262.901	2.8
263.414	2.84444
263.927	2.66667
264.441	2.62222
264.954	3.06667
265.467	2.97778
265.978	2.71111
266.491	3.02222
267.004	3.02222
267.517	3.46667
268.03	3.33333
268.543	4.08889
269.054	3.6
269.567	3.2
270.08	3.06667
270.593	2.88889
271.106	2.8
271.617	2.71111
272.129	2.97778
272.642	2.44444
273.155	2.75556
273.666	2.66667
274.178	2.84444
274.691	2.88889
275.204	2.53333
275.714	2.97778
276.227	2.53333
276.739	3.11111
277.25	3.02222
277.762	2.88889
278.275	3.06667
278.787	3.15556
279.297	3.42222
279.81	3.46667
280.322	3.37778
280.832	3.42222
281.345	3.77778
281.857	3.82222
282.367	4.13333
282.879	4.35556
283.391	4.26667
283.902	4.48889
284.414	4.53333
284.924	5.06667
285.436	5.77778
285.948	5.82222
286.458	6.4
286.97	7.11111
287.482	8.22222
287.991	8.75556
288.503	9.82222
289.013	11.2444
289.525	14.3111
290.035	16.7556
290.547	21.6889
291.058	26.6222
291.568	32.4444
292.08	36.4889
292.589	37.4222
293.101	36
293.61	31.2889
294.122	27.2889
294.631	23.8667
295.143	20.9333
295.652	18.7556
296.164	15.4667
296.675	13.7333
297.185	11.8222
297.696	10.7556
298.205	9.86667
298.715	8.88889
299.226	8.62222
299.735	7.55556
300.246	7.11111
300.755	6.4
301.267	6.31111
301.776	6
302.287	5.37778
302.796	5.15556
303.307	4.66667
303.816	4.31111
304.325	4.57778
304.836	4.17778
305.345	4
305.856	4
306.365	4.31111
306.875	3.82222
307.384	4.17778
307.893	4
308.404	3.51111
308.912	3.77778
309.421	3.77778
309.932	3.77778
310.44	3.24444
310.951	3.37778
311.46	3.42222
311.968	3.28889
312.479	3.33333
312.987	2.8
313.496	2.93333
314.006	3.06667
314.514	2.84444
315.023	2.84444
315.533	2.88889
316.041	3.11111
316.55	2.8
317.058	2.48889
317.568	2.88889
318.076	2.71111
318.585	2.62222
319.095	2.8
319.603	2.53333
320.111	2.53333
320.619	2.53333
321.129	2.53333
321.637	2.4
322.145	2.84444
322.653	2.48889
323.163	2.44444
323.671	2.97778
324.179	2.62222
324.687	2.48889
325.194	2.93333
325.704	2.62222
326.212	3.02222
326.72	2.35556
327.227	2.84444
327.735	3.02222
328.245	2.97778
328.752	2.66667
329.26	2.57778
329.767	2.62222
330.275	2.53333
330.782	2.62222
331.29	2.8
331.799	3.02222
332.307	2.97778
332.814	2.62222
333.321	2.57778
333.829	2.8
334.336	3.15556
334.843	2.88889
335.35	2.84444
335.858	2.75556
336.367	2.31111
336.874	2.8
337.381	2.53333
337.888	2.62222
338.395	2.75556
338.902	2.4
339.409	2.62222
339.916	2.62222
340.423	2.66667
340.93	2.66667
341.437	2.71111
341.944	2.35556
342.451	2.57778
342.958	2.53333
343.464	2.35556
343.971	2.71111
344.478	2.48889
344.985	2.75556
345.491	2.53333
345.998	2.44444
346.505	2.57778
347.011	2.48889
347.518	2.48889
348.024	2.71111
348.531	2.62222
349.037	2.53333
349.544	2.66667
350.05	2.26667
350.557	2.93333
351.063	2.57778
351.569	2.22222
352.076	2.75556
352.58	2.53333
353.086	2.48889
353.592	2.48889
354.099	2.4
354.605	2.48889
355.111	2.26667
355.617	2.71111
356.123	2.48889
356.629	2.8
357.133	2.4
357.639	2.4
358.145	2.4
358.651	2.8
359.157	2.75556
359.663	2.4
360.169	2.66667
360.672	2.57778
361.178	2.4
361.684	2.66667
362.19	2.44444
362.696	2.26667
363.199	2.57778
363.705	2.44444
364.21	2.44444
364.716	2.17778
365.222	2.35556
365.725	2.48889
366.231	2.57778
366.736	2.26667
367.242	2.66667
367.745	2.62222
368.251	2.31111
368.756	2.22222
369.261	2.57778
369.765	2.26667
370.27	2.26667
370.775	2.35556
371.278	2.17778
371.784	2.48889
372.289	2.13333
372.792	2.04444
373.297	2.48889
373.802	2.04444
374.307	2.62222
374.81	1.95556
375.315	2.4
375.82	2.26667
376.323	2.08889
376.828	2.48889
377.331	2.22222
377.836	2.4
378.341	2.48889
378.844	2.08889
379.348	2.31111
379.853	2.13333
380.356	2.13333
380.861	2.31111
381.363	2.26667
381.868	2.22222
382.373	2.13333
382.875	2.44444
383.38	2.35556
383.882	2.13333
384.387	2.22222
384.889	2.4
385.394	2.17778
385.898	2
386.4	1.77778
386.905	2
387.407	1.73333
387.912	2.08889
388.414	2.04444
388.918	2.13333
389.42	1.91111
389.925	1.91111
390.427	2.13333
390.931	2.04444
391.433	2
391.937	1.91111
392.439	2.08889
392.943	1.73333
393.445	1.95556
393.949	2
394.451	2.04444
394.955	1.95556
395.457	1.95556
395.959	2.08889
396.463	2
396.964	1.64444
397.468	2.13333
397.97	2
398.474	1.86667
398.975	2
399.477	1.95556
399.981	1.82222
400.482	2.31111
400.986	1.91111
401.488	1.91111
401.989	1.46667
402.493	1.86667
402.994	2.04444
403.495	1.73333
403.999	2
404.5	1.86667
405.002	1.73333
405.505	1.86667
406.006	2
406.508	2
407.011	2.04444
407.512	2
408.013	1.91111
408.517	2
409.018	1.95556
409.519	2
410.022	1.95556
410.523	1.95556
411.024	1.86667
411.525	2
412.028	1.95556
412.529	1.68889
413.03	2.08889
413.531	1.91111
414.034	2.13333
414.534	1.95556
415.035	2
415.536	2.13333
416.039	2.08889
416.54	1.86667
417.04	1.73333
417.541	1.95556
418.042	1.82222
418.544	2
419.045	2.04444
419.545	2.08889
420.046	1.86667
420.546	2
421.047	2
421.549	1.77778
422.05	1.82222
422.55	1.68889
423.051	2.13333
423.551	1.86667
424.051	1.73333
424.551	2
425.052	1.64444
425.554	1.77778
426.054	2.08889
426.554	1.64444
427.054	1.64444
427.555	2.13333
428.055	2
428.555	2
429.055	1.82222
429.555	1.82222
430.055	1.91111
430.555	1.82222
431.055	1.91111
431.557	1.77778
432.056	1.95556
432.556	1.86667
433.056	1.95556
433.556	1.86667
434.056	1.82222
434.555	2.08889
435.055	2.04444
435.555	1.82222
436.055	2.22222
436.554	1.95556
437.054	2.04444
437.553	2.13333
438.053	2.08889
438.552	1.46667
439.052	2.08889
439.549	2.26667
440.049	1.86667
440.548	2.08889
441.047	2
441.547	2.13333
442.046	2
442.545	2.17778
443.045	2.04444
443.544	2.04444
444.043	2.31111
444.542	1.86667
445.042	1.91111
445.541	2
446.038	1.95556
446.537	1.68889
447.036	1.86667
447.535	1.91111
448.034	1.91111
448.533	2
449.032	2.04444
449.529	1.95556
450.028	1.6
450.527	1.91111
451.025	1.91111
451.524	2.13333
452.023	1.82222
452.52	2.04444
453.018	2
453.517	1.82222
454.016	2.04444
454.514	1.91111
455.011	2.08889
455.51	2.22222
456.008	2.17778
456.507	1.77778
457.003	2.13333
457.502	1.77778
458	1.77778
458.499	1.77778
458.995	2.22222
459.493	2
459.992	2
460.49	2.22222
460.986	2.22222
461.484	1.82222
461.983	2.22222
462.479	1.6
462.977	1.86667
463.475	1.77778
463.971	1.77778
464.469	1.91111
464.968	1.91111
465.464	2.08889
465.962	1.68889
466.46	2.22222
466.955	1.86667
467.453	1.77778
467.951	2.08889
468.447	1.73333
468.945	1.91111
469.443	1.95556
469.939	1.86667
470.436	1.73333
470.932	2.04444
471.43	1.91111
471.928	2
472.423	1.82222
472.921	1.77778
473.416	2.08889
473.914	2.22222
474.41	1.46667
474.907	2
475.405	1.64444
475.9	1.77778
476.398	1.95556
476.893	1.73333
477.39	1.86667
477.886	1.95556
478.383	1.91111
478.878	2.08889
479.376	1.82222
479.871	1.91111
480.368	2.13333
480.863	1.82222
481.36	2.08889
481.856	2.13333
482.353	2
482.848	2.22222
483.345	2.04444
483.84	1.91111
484.337	1.95556
484.832	1.86667
485.327	1.91111
485.824	1.73333
486.319	1.73333
486.815	2
487.31	1.91111
487.807	1.82222
488.302	2.04444
488.797	1.82222
489.293	1.91111
489.788	2.04444
490.283	1.82222
490.779	1.91111
491.274	1.73333
491.771	2
492.265	1.68889
492.76	1.95556
493.256	1.82222
493.751	1.95556
494.245	1.82222
494.742	1.86667
495.236	1.91111
495.73	1.95556
496.227	1.77778
496.721	2.04444
497.215	1.95556
497.712	1.91111
498.206	2.04444
498.7	2.26667
499.194	1.82222
499.691	1.91111
500.185	2.17778
500.679	1.91111
501.173	2.31111
501.669	2.13333
502.163	2.13333
502.657	1.95556
503.151	2.35556
503.647	2.13333
504.141	2.57778
504.635	2.62222
505.129	2.4
505.624	2.26667
506.118	2.66667
506.612	2.4
507.106	2.93333
507.6	2.84444
508.093	2.97778
508.589	2.97778
509.083	2.84444
509.576	2.88889
510.07	2.57778
510.563	2.48889
511.057	2.57778
511.552	2.53333
512.046	2.48889
512.539	2.48889
513.033	2.17778
513.526	2.48889
514.02	2.4
514.513	2.66667
515.006	2.26667
515.5	2.35556
515.993	2.26667
516.488	2.26667
516.981	1.73333
517.475	2.31111
517.968	2.44444
518.461	2.4
518.954	2.22222
519.447	2.35556
519.94	2.26667
520.433	2.44444
520.926	2.57778
521.419	2.4
521.912	2.4
522.405	2.4
522.898	2.08889
523.391	2.22222
523.884	2.26667
524.377	2.17778
524.869	2.44444
525.362	2.31111
525.855	2.26667
526.348	2
526.84	2.22222
527.333	2.22222
527.826	2.4
528.318	2.44444
528.811	2.08889
529.303	2.4
529.796	1.95556
530.286	2.26667
530.779	2.22222
531.271	2.48889
531.764	2.4
532.256	2.13333
532.748	2.35556
533.241	2.48889
533.733	2.35556
534.225	2.57778
534.716	2.84444
535.208	2.62222
535.7	2.53333
536.192	2.71111
536.684	2.44444
537.176	2.26667
537.669	2.75556
538.159	2.08889
538.651	2.48889
539.143	2.44444
539.635	2.44444
540.127	2.4
540.617	2.26667
541.109	2.04444
541.6	2.08889
542.092	2.22222
542.584	2.13333
543.074	2.04444
543.566	2.04444
544.057	1.91111
544.549	2.13333
545.039	1.95556
545.531	1.73333
546.022	2.13333
546.514	1.95556
547.003	1.86667
547.495	2
547.987	1.91111
548.476	1.73333
548.967	1.91111
549.459	2
549.95	2.04444
550.44	1.91111
550.931	2
551.423	1.95556
551.912	2
552.403	1.68889
552.894	1.91111
553.384	2
553.875	1.68889
554.364	1.86667
554.855	1.91111
555.346	1.46667
555.836	1.82222
556.327	2.04444
556.818	1.86667
557.307	1.64444
557.798	2
558.287	1.82222
558.778	1.95556
559.269	1.86667
559.757	1.68889
560.248	2
560.737	1.64444
561.228	1.6
561.717	1.68889
562.208	1.95556
562.696	1.73333
563.187	1.82222
563.678	1.68889
564.166	1.82222
564.657	1.86667
565.146	1.73333
565.636	1.91111
566.125	2.08889
566.615	1.64444
567.104	1.91111
567.594	2.04444
568.083	1.6
568.571	1.77778
569.062	1.77778
569.55	1.82222
570.04	1.86667
570.529	1.68889
571.019	2.13333
571.507	1.73333
571.997	1.95556
572.486	1.95556
572.974	1.95556
573.464	1.77778
573.952	1.55556
574.442	2
574.93	1.77778
575.418	2.22222
575.908	1.86667
576.396	1.95556
576.886	1.95556
577.374	1.64444
577.862	1.86667
578.352	2.08889
578.84	1.64444
579.328	1.77778
579.818	1.82222
580.305	1.77778
580.793	1.95556
581.283	1.86667
581.771	1.68889
582.258	1.6
582.748	1.68889
583.236	1.55556
583.723	1.77778
584.211	1.6
584.7	1.55556
585.188	1.91111
585.675	1.77778
586.163	1.6
586.652	1.42222
587.14	1.64444
587.627	1.77778
588.115	1.6
588.604	1.6
589.091	1.64444
589.578	1.73333
590.066	1.46667
590.555	1.51111
591.042	1.42222
591.529	1.51111
592.017	1.64444
592.504	1.64444
592.993	1.28889
593.48	1.68889
593.967	1.51111
594.454	1.6
594.941	1.68889
595.428	1.82222
595.915	1.73333
596.404	1.64444
596.891	1.68889
597.378	1.55556
597.864	1.6
598.351	1.64444
598.838	1.82222
599.325	1.55556
599.812	1.55556
600.3	1.55556
600.787	1.6
601.274	1.6
601.76	1.6
602.247	1.55556
602.733	1.6
603.22	1.33333
603.707	1.42222
604.193	1.55556
604.68	1.82222
605.166	1.6
605.652	1.73333
606.139	1.42222
606.625	1.28889
607.112	1.68889
607.598	1.64444
608.084	1.68889
608.57	1.51111
609.057	1.73333
609.543	1.73333
610.029	1.6
610.515	1.64444
611.001	1.73333
611.487	1.95556
611.974	1.68889
612.46	1.64444
612.946	1.46667
613.432	1.86667
613.918	1.15556
614.404	1.51111
614.89	1.64444
615.373	1.37778
615.859	1.68889
616.345	1.46667
616.831	1.73333
617.317	1.68889
617.803	1.51111
618.288	1.51111
618.774	1.86667
619.26	1.64444
619.743	1.64444
620.229	1.6
620.715	1.37778
621.2	1.42222
621.686	1.2
622.171	1.55556
622.655	1.6
623.14	1.37778
623.626	1.28889
624.111	1.68889
624.597	1.6
625.08	1.77778
625.565	1.73333
626.051	1.68889
626.536	1.37778
627.021	1.64444
627.505	1.37778
627.99	1.55556
628.475	1.46667
628.96	1.6
629.443	1.42222
629.929	1.64444
630.414	1.24444
630.897	1.64444
631.382	1.51111
631.867	1.51111
632.352	1.42222
632.835	1.28889
633.32	1.73333
633.805	1.77778
634.287	1.6
634.772	1.6
635.257	1.42222
635.74	1.68889
636.225	1.55556
636.71	1.37778
637.192	1.73333
637.677	1.55556
638.162	1.64444
638.644	1.77778
639.129	1.46667
639.612	1.55556
640.096	1.82222
640.581	1.33333
641.063	1.46667
641.548	1.64444
642.03	1.51111
642.515	1.6
642.999	1.64444
643.482	1.24444
643.966	1.68889
644.448	1.55556
644.933	1.6
645.415	1.68889
645.899	1.64444
646.381	1.68889
646.866	1.6
647.348	1.6
647.832	1.86667
648.316	1.6
648.798	1.15556
649.282	1.64444
649.764	1.55556
650.246	1.51111
650.73	1.51111
651.212	1.64444
651.696	1.6
652.178	1.42222
652.662	1.42222
