138.635	4.17778
139.157	3.82222
139.68	4.35556
140.202	4.66667
140.724	4.8
141.246	5.28889
141.768	5.6
142.291	10.3556
142.815	30.3556
143.337	66.8889
143.859	90.9778
144.381	78.0889
144.903	28.7111
145.425	9.86667
145.947	8.04444
146.469	7.68889
146.991	7.64444
147.513	8
148.034	8.13333
148.556	7.95556
149.078	8.35556
149.6	8.44444
150.121	8.88889
150.643	8.57778
151.165	8.48889
151.686	9.02222
152.208	8.71111
152.73	9.42222
153.251	9.51111
153.773	9.55556
154.294	9.64444
154.815	10
155.337	10
155.858	10.4
156.38	10.4444
156.901	9.64444
157.422	9.64444
157.941	10.3556
158.463	10.2222
158.984	10.3111
159.505	9.95555
160.026	10.4
160.547	10.3111
161.068	10.3556
161.589	10.2222
162.11	10.2222
162.632	10.2222
163.15	10.3111
163.671	10.3556
164.192	10.6667
164.713	10.2222
165.234	10.4889
165.755	10.8444
166.276	9.73333
166.794	10.4
167.315	10.1778
167.836	10.0889
168.356	10.1778
168.877	10.2222
169.398	10.1333
169.916	10.3111
170.437	10.3111
170.957	10.4
171.478	10.2667
171.998	9.91111
172.517	9.6
173.037	10.2667
173.557	9.73333
174.078	10.1778
174.596	9.2
175.116	10
175.637	9.64445
176.157	9.37778
176.675	9.91111
177.195	9.64445
177.715	10.2222
178.235	10.2222
178.753	9.77778
179.274	10
179.794	10.2667
180.311	10.1778
180.831	10
181.351	9.77778
181.869	10
182.389	9.95556
182.909	9.86667
183.427	10.1333
183.947	9.95555
184.466	10.1778
184.984	10.0889
185.504	10.0889
186.023	10.6667
186.541	10.1778
187.061	10.6667
187.58	10.4889
188.098	10.1333
188.617	10.7111
189.137	10.6222
189.654	10.4889
190.174	10.2222
190.691	10.8889
191.21	10.7556
191.73	10.9333
192.247	11.0222
192.766	11.0222
193.284	11.4667
193.803	11.1556
194.32	11.0667
194.839	11.2
195.358	11.2444
195.875	11.3333
196.394	11.4667
196.911	11.2889
197.43	11.5111
197.947	11.7333
198.466	11.6889
198.983	11.6444
199.502	11.6889
200.019	12.4
200.538	12.0889
201.055	12.2222
201.574	12.3111
202.09	12.5778
202.609	12.1333
203.126	12.8444
203.644	12.3111
204.161	12.5778
204.68	12.8444
205.196	13.0667
205.713	12.8889
206.231	13.0222
206.748	12.9778
207.266	12.8
207.782	13.1111
208.301	12.8
208.817	13.2444
209.334	12.8889
209.852	13.6444
210.368	13.6889
210.886	13.6
211.403	13.3778
211.919	13.6
212.437	13.7333
212.953	13.7333
213.471	13.6444
213.987	14.1333
214.503	14.2222
215.021	14.3556
215.537	13.9556
216.053	14.1778
216.571	14.1333
217.087	14.2222
217.603	14.3556
218.121	14.2667
218.637	14.7111
219.152	14.5778
219.67	15.2889
220.186	14.6667
220.702	14.4444
221.217	15.2889
221.735	14.2667
222.25	14.8889
222.766	14.5778
223.284	14.5333
223.799	14.0889
224.315	14.6222
224.83	15.0222
225.347	15.3333
225.863	14.9778
226.378	15.3778
226.893	15.1111
227.411	15.2889
227.926	14.8
228.441	15.1111
228.957	15.4222
229.472	15.4222
229.989	15.9556
230.504	14.8889
231.019	15.7333
231.534	15.6
232.049	15.6
232.566	15.6
233.081	15.0222
233.596	15.3778
234.111	15.4222
234.626	15.2889
235.141	15.2889
235.656	15.7333
236.173	16
236.687	15.5111
237.202	15.6889
237.717	15.6889
238.232	15.7778
238.746	16.4
239.261	16
239.775	16
240.29	15.8667
240.807	15.3778
241.321	15.8667
241.836	15.9556
242.35	16
242.865	16.3111
243.379	16.0444
243.893	16.8889
244.408	15.9111
244.922	16.0444
245.436	16.3556
245.951	16.4889
246.465	15.7778
246.979	16.7111
247.493	16.3111
248.007	15.8667
248.521	17.0222
249.035	16.4444
249.55	16.7556
250.064	16.4444
250.578	17.0667
251.092	16.4444
251.605	16.7556
252.119	16.9333
252.633	17.4222
253.147	17.8667
253.661	17.2889
254.175	17.8222
254.689	17.3333
255.202	17.6444
255.716	17.3778
256.23	17.5556
256.743	17.7778
257.257	17.6889
257.771	17.4667
258.282	17.7778
258.796	17.5111
259.309	18.1333
259.823	18.2222
260.336	18.2222
260.85	18.0889
261.363	18.3556
261.876	18.4889
262.39	18.0444
262.901	18.1333
263.414	18.4444
263.927	18.5778
264.441	18.2667
264.954	18.3111
265.467	18.4889
265.978	19.1556
266.491	18.8889
267.004	18.4
267.517	19.3778
268.03	19.4222
268.543	19.9111
269.054	19.6444
269.567	19.6889
270.08	18.6667
270.593	19.4667
271.106	19.5111
271.617	20.0444
272.129	19.8667
272.642	19.9556
273.155	19.8222
273.666	19.9111
274.178	20.1333
274.691	20.4444
275.204	20.3111
275.714	19.9111
276.227	20.9333
276.739	20.8
277.25	20.8
277.762	20.8444
278.275	20.8889
278.787	20.8
279.297	21.0667
279.81	21.2889
280.322	21.3778
280.832	22.0889
281.345	22.0889
281.857	21.1111
282.367	22.0889
282.879	20.8
283.391	21.7333
283.902	21.9556
284.414	22.1333
284.924	21.8222
285.436	22.1778
285.948	22.3556
286.458	22.4
286.97	22.1333
287.482	22.8444
287.991	23.2
288.503	22.2222
289.013	22.3111
289.525	22.3111
290.035	22.8
290.547	23.2444
291.058	22.3556
291.568	23.0667
292.08	23.2
292.589	23.2444
293.101	23.5556
293.61	23.7333
294.122	23.3778
294.631	23.8667
295.143	24.2667
295.652	23.4222
296.164	23.7333
296.675	24.6222
297.185	24.1778
297.696	24.3556
298.205	24.2222
298.715	24.1778
299.226	24.6222
299.735	24.5333
300.246	24.6222
300.755	24.7556
301.267	24.1333
301.776	24.3111
302.287	24.2222
302.796	25.2889
303.307	24.5333
303.816	25.2444
304.325	25.1556
304.836	25.6889
305.345	25.4667
305.856	25.9556
306.365	25.3333
306.875	25.6
307.384	25.8667
307.893	26.2667
308.404	26.3111
308.912	26.3111
309.421	26.9333
309.932	26.0889
310.44	26.6667
310.951	27.2444
311.46	27.1111
311.968	27.7333
312.479	27.6444
312.987	27.8667
313.496	28.0444
314.006	28.6222
314.514	29.0222
315.023	29.0667
315.533	30.3556
316.041	30.1778
316.55	30.1333
317.058	29.4667
317.568	29.0667
318.076	29.6444
318.585	29.2
319.095	28.5333
319.603	29.3778
320.111	29.1111
320.619	28.8
321.129	29.0222
321.637	28.7111
322.145	29.1556
322.653	28.8889
323.163	28.9333
323.671	28.4444
324.179	28.3111
324.687	29.0667
325.194	28.7111
325.704	28.5333
326.212	28.8889
326.72	29.4667
327.227	28.9778
327.735	29.0667
328.245	29.2444
328.752	29.9111
329.26	30.0444
329.767	29.4222
330.275	29.5556
330.782	30.4444
331.29	28.9778
331.799	29.5556
332.307	30.0889
332.814	29.3333
333.321	30.4889
333.829	29.1556
334.336	29.4222
334.843	30
335.35	30
335.858	30
336.367	30.4889
336.874	30.1778
337.381	30.2222
337.888	30.4
338.395	30.4
338.902	30.9778
339.409	30.5778
339.916	30.2667
340.423	30.7556
340.93	30.9778
341.437	31.0667
341.944	30.7111
342.451	31.2444
342.958	31.0667
343.464	31.2444
343.971	31.4667
344.478	31.6889
344.985	31.2889
345.491	31.6
345.998	31.1111
346.505	31.2
347.011	31.5556
347.518	30.7556
348.024	31.4667
348.531	31.9111
349.037	32
349.544	31.8222
350.05	32.1333
350.557	32.4444
351.063	32.6222
351.569	31.8667
352.076	32.8444
352.58	32.2667
353.086	31.9556
353.592	33.0667
354.099	33.0667
354.605	33.6444
355.111	32.8889
355.617	33.3333
356.123	33.5111
356.629	33.6889
357.133	33.6444
357.639	33.6444
358.145	34.3111
358.651	34.1778
359.157	34.4
359.663	34.6667
360.169	34.4889
360.672	34.4444
361.178	35.1111
361.684	34.1778
362.19	35.1556
362.696	34.7556
363.199	34.4889
363.705	35.4667
364.21	35.0222
364.716	34.6222
365.222	35.2444
365.725	35.2889
366.231	35.3778
366.736	35.2889
367.242	34.5333
367.745	35.1556
368.251	34.4
368.756	35.1556
369.261	35.4667
369.765	35.5556
370.27	36.4
370.775	36.0444
371.278	34.9778
371.784	35.8667
372.289	36.6667
372.792	36.5778
373.297	35.4222
373.802	36.4444
374.307	36.0889
374.81	36.3556
375.315	36.3556
375.82	36.2667
376.323	36.5778
376.828	36.9778
377.331	37.1556
377.836	37.0222
378.341	37.6
378.844	37.3778
379.348	37.2444
379.853	37.6
380.356	37.6444
380.861	36.5778
381.363	36.7111
381.868	37.0222
382.373	37.8667
382.875	36.8
383.38	36.9778
383.882	37.7333
384.387	37.8222
384.889	37.8222
385.394	37.5556
385.898	37.6
386.4	37.2889
386.905	37.7778
387.407	37.4667
387.912	37.4667
388.414	37.7778
388.918	37.0667
389.42	38.2667
389.925	37.4222
390.427	37.5555
390.931	37.7333
391.433	38.7111
391.937	37.7333
392.439	37.6
392.943	37.6444
393.445	37.4667
393.949	38.0889
394.451	38.2222
394.955	38.6667
395.457	38.0889
395.959	38.4889
396.463	37.5556
396.964	38.0444
397.468	38
397.97	38.3556
398.474	38.3556
398.975	37.9111
399.477	38.9778
399.981	38.6667
400.482	37.7333
400.986	39.0222
401.488	38.7111
401.989	39.3778
402.493	39.6889
402.994	38.1333
403.495	38.9778
403.999	39.2
404.5	38.4889
405.002	38.3111
405.505	38.7111
406.006	39.9111
406.508	39.7778
407.011	39.4667
407.512	39.3778
408.013	40.1778
408.517	40.8889
409.018	40.4444
409.519	41.6
410.022	41.5111
410.523	42
411.024	42.3556
411.525	42.5333
412.028	43.4222
412.529	43.7778
413.03	42.3556
413.531	42.3556
414.034	42.1778
414.534	43.8222
415.035	42.7556
415.536	42.8
416.039	42.9778
416.54	43.6
417.04	43.4222
417.541	43.6889
418.042	43.7333
418.544	43.8667
419.045	43.8667
419.545	44.8444
420.046	45.3778
420.546	46
421.047	46.0444
421.549	45.4222
422.05	45.1111
422.55	44.8444
423.051	44.4
423.551	43.0667
424.051	43.1111
424.551	42.0444
425.052	42.3556
425.554	41.9556
426.054	40.5778
426.554	41.5111
427.054	40.7111
427.555	41.2889
428.055	40.2222
428.555	40.6667
429.055	40.1333
429.555	39.3778
430.055	39.3333
430.555	38.7556
431.055	39.7333
431.557	39.2
432.056	39.1111
432.556	40.0444
433.056	39.3778
433.556	38.9333
434.056	38.8889
434.555	38.8444
435.055	39.0222
435.555	38.8889
436.055	38.7111
436.554	37.7778
437.054	39.2444
437.553	38.5333
438.053	38.2667
438.552	38.1333
439.052	37.2889
439.549	37.7333
440.049	37.6444
440.548	37.9111
441.047	36.8
441.547	36.9778
442.046	36.6222
442.545	36.7111
443.045	36.4444
443.544	36
444.043	36.4
444.542	36.1778
445.042	36.1333
445.541	35.8667
446.038	35.3778
446.537	34.8444
447.036	36.1778
447.535	35.2
448.034	34.4
448.533	35.2444
449.032	34.9778
449.529	34.5778
450.028	34.8889
450.527	34.3111
451.025	34.1333
451.524	34.3556
452.023	34.2667
452.52	34.1778
453.018	33.2889
453.517	34
454.016	33.4667
454.514	34
455.011	33.5111
455.51	34.1333
456.008	33.5556
456.507	33.0222
457.003	33.5111
457.502	32.8
458	33.8667
458.499	33.4222
458.995	33.1111
459.493	33.2
459.992	33.0222
460.49	32.7556
460.986	32.4444
461.484	33.0222
461.983	31.7778
462.479	32.9778
462.977	31.8667
463.475	32.0444
463.971	32.2667
464.469	31.7333
464.968	31.5556
465.464	31.6444
465.962	32.4
466.46	30.9333
466.955	30.7111
467.453	31.5556
467.951	30.7111
468.447	31.3333
468.945	30.2667
469.443	31.6889
469.939	31.6
470.436	30.8889
470.932	30.5778
471.43	30.7111
471.928	30.8
472.423	30.2667
472.921	31.0667
473.416	30.7111
473.914	29.8667
474.41	30.5333
474.907	29.2889
475.405	30
475.9	30.6222
476.398	30.0889
476.893	30.1778
477.39	29.2444
477.886	30.8889
478.383	30.3111
478.878	30.1333
479.376	29.8667
479.871	30.3111
480.368	29.6889
480.863	30.3111
481.36	29.6444
481.856	29.3333
482.353	29.1556
482.848	29.8222
483.345	29.9111
483.84	29.7333
484.337	29.7333
484.832	29.9556
485.327	28.9778
485.824	28.9778
486.319	29.2444
486.815	28.6222
487.31	28.8444
487.807	30.1333
488.302	29.0222
488.797	28.4
489.293	29.1556
489.788	28.7556
490.283	28.4
490.779	28.5778
491.274	28.4889
491.771	28.8
492.265	28.5333
492.76	27.9111
493.256	29.0222
493.751	27.7333
494.245	28.6222
494.742	27.4222
495.236	27.9556
495.73	28.3111
496.227	28.4444
496.721	28
497.215	27.5556
497.712	28.9333
498.206	28.3556
498.7	28.1778
499.194	27.6889
499.691	28.0889
500.185	28.6667
500.679	28.6667
501.173	27.7778
501.669	28.5778
502.163	27.9111
502.657	27.2
503.151	27.3778
503.647	27.0222
504.141	27.8667
504.635	27.6
505.129	27.0222
505.624	27.3333
506.118	28.0889
506.612	27.9556
507.106	28.1333
507.6	27.2
508.093	27.3778
508.589	28.0889
509.083	28.1778
509.576	28.0444
510.07	27.6444
510.563	27.1556
511.057	28.5333
511.552	28.6222
512.046	28.7556
512.539	29.3333
513.033	29.4222
513.526	29.2
514.02	29.0667
514.513	28.9778
515.006	28.5333
515.5	29.2889
515.993	28.5778
516.488	28.9333
516.981	29.0222
517.475	29.1111
517.968	29.3333
518.461	28.2667
518.954	27.9556
519.447	27.7333
519.94	27.8222
520.433	28.2222
520.926	28.1333
521.419	27.7778
521.912	27.9556
522.405	28.1333
522.898	28.2667
523.391	28.3111
523.884	28.6667
524.377	28.3111
524.869	28.9333
525.362	28.3111
525.855	29.1111
526.348	27.8222
526.84	28.1778
527.333	28.8444
527.826	29.6
528.318	28.8444
528.811	29.4667
529.303	29.8667
529.796	29.7778
530.286	29.9111
530.779	30.4889
531.271	29.4667
531.764	30.0444
532.256	29.4667
532.748	31.2889
533.241	31.8667
533.733	32.4
534.225	32.4
534.716	32.5778
535.208	33.4667
535.7	34.3111
536.192	34.6222
536.684	35.6
537.176	37.1556
537.669	36.8889
538.159	37.8667
538.651	39.0667
539.143	40.3556
539.635	41.5111
540.127	42.4444
540.617	43.4667
541.109	45.1111
541.6	45.5111
542.092	47.4667
542.584	49.2
543.074	48.8889
543.566	50.8
544.057	51.0667
544.549	53.2444
545.039	53.6
545.531	54
546.022	54.5778
546.514	53.8222
547.003	56.1333
547.495	56.6667
547.987	56
548.476	58.8889
548.967	60.1778
549.459	61.0667
549.95	62.7556
550.44	64.4889
550.931	66
551.423	68.6667
551.912	70.6222
552.403	72.2667
552.894	75.6
553.384	78.2667
553.875	79.8667
554.364	85.0667
554.855	87.2889
555.346	90.6222
555.836	94.5333
556.327	98.0444
556.818	104.533
557.307	107.733
557.798	114.4
558.287	120.4
558.778	125.867
559.269	135.111
559.757	145.111
560.248	155.289
560.737	170.489
561.228	185.511
561.717	204.178
562.208	231.289
562.696	262.711
563.187	302.711
563.678	353.956
564.166	419.778
564.657	514.311
565.146	647.867
565.636	845.2
566.125	1158.89
566.615	1658.98
567.104	2422.4
567.594	3298.36
568.083	3857.69
568.571	3658.53
569.062	2742.18
569.55	1716.98
570.04	1019.42
570.529	639.378
571.019	433.244
571.507	315.689
571.997	241.289
572.486	189.156
572.974	156.044
573.464	131.511
573.952	112.489
574.442	97.9556
574.93	85.8222
575.418	77.1556
575.908	69.2444
576.396	62.9778
576.886	58.4444
577.374	52.9778
577.862	49.3333
578.352	45.8667
578.84	42.3111
579.328	39.8667
579.818	37.8222
580.305	35.3778
580.793	34.0889
581.283	32.4889
581.771	30.6667
582.258	30.0444
582.748	29.0222
583.236	28
583.723	26.8
584.211	25.9556
584.7	25.0667
585.188	24.8889
585.675	24
586.163	23.1111
586.652	22.7111
587.14	22.2667
587.627	21.8222
588.115	22.1333
588.604	21.3778
589.091	20.7556
589.578	20.8889
590.066	20.4444
590.555	20.5778
591.042	19.7333
591.529	20.0444
592.017	20.3556
592.504	19.2889
592.993	19.7778
593.48	19.6
593.967	19.2
594.454	18.8889
594.941	19.1556
595.428	18.6222
595.915	18.3556
596.404	18.6222
596.891	18.2667
597.378	18.5333
597.864	17.9556
598.351	18.3556
598.838	17.3778
599.325	17.5556
599.812	18
600.3	17.9111
600.787	17.7778
601.274	17.9556
601.76	17.8222
602.247	17.6
602.733	17.2444
603.22	16.8889
603.707	17.3778
604.193	17.3333
604.68	16.9333
605.166	16.7556
605.652	16.6667
606.139	17.1111
606.625	16.8444
607.112	16.7556
607.598	17.1556
608.084	16.4
608.57	16.4889
609.057	16.1333
609.543	16.8889
610.029	16.8
610.515	16.2667
611.001	16.3556
611.487	16.9333
611.974	16.3111
612.46	16.6222
612.946	16.9778
613.432	16.5778
613.918	16.7556
614.404	15.7778
614.89	16.3111
615.373	16.2667
615.859	16.1778
616.345	16.0889
616.831	16.0889
617.317	16.2667
617.803	15.2889
618.288	15.9556
618.774	14.7111
619.26	15.8667
619.743	15.2
620.229	15.2
620.715	15.7778
621.2	15.6889
621.686	14.9333
622.171	15.3778
622.655	14.8444
623.14	15.2444
623.626	15.1556
624.111	15.2444
624.597	14.8889
625.08	14.8
625.565	15.2889
626.051	14.3111
626.536	14.5333
627.021	14.4444
627.505	14.9778
627.99	14.7111
628.475	15.3333
628.96	15.0667
629.443	15.1556
629.929	15.2444
630.414	14.4889
630.897	14.5778
631.382	14.7111
631.867	14.5778
632.352	14.7556
632.835	14.7556
633.32	14.6667
633.805	14.7111
634.287	14.5333
634.772	14.4889
635.257	14.2667
635.74	14.0444
636.225	13.9556
636.71	14.1333
637.192	14.2667
637.677	13.4222
638.162	14.5333
638.644	14.1778
639.129	13.9556
639.612	14
640.096	13.9556
640.581	13.5556
641.063	13.8222
641.548	13.6889
642.03	13.7778
642.515	13.5556
642.999	14.0444
643.482	13.7778
643.966	13.3333
644.448	13.3333
644.933	13.1556
645.415	13.5111
645.899	13.2444
646.381	13.0222
646.866	13.6889
647.348	13.2889
647.832	13.3778
648.316	12.9333
648.798	12.7556
649.282	13.1556
649.764	12.9333
650.246	12.6667
650.73	12.3556
651.212	12.9333
651.696	12.3111
652.178	12.8
652.662	12.1778
