138.635	3.95556
139.157	4.4
139.68	4.88889
140.202	4.57778
140.724	4.97778
141.246	5.37778
141.768	6.44445
142.291	10.8
142.815	28.5333
143.337	67.6
143.859	90.4889
144.381	80.3111
144.903	30.6222
145.425	10.3111
145.947	8.57778
146.469	8.35555
146.991	8.44444
147.513	8.04444
148.034	7.91111
148.556	8.66667
149.078	9.06667
149.6	8.75556
150.121	9.06667
150.643	9.02222
151.165	9.46667
151.686	9.55556
152.208	10
152.73	9.55556
153.251	10.4
153.773	10.3556
154.294	10.5333
154.815	10.5778
155.337	11.0222
155.858	10.9778
156.38	10.7111
156.901	11.0667
157.422	11.1556
157.941	11.1556
158.463	11.1111
158.984	11.2444
159.505	10.8444
160.026	10.7556
160.547	10.6222
161.068	11.0667
161.589	11.1556
162.11	10.9778
162.632	10.8444
163.15	11.2889
163.671	11.2444
164.192	11.2
164.713	11.1556
165.234	11.2
165.755	11.3333
166.276	10.8889
166.794	10.7556
167.315	10.7556
167.836	10.6222
168.356	10.9778
168.877	10.4889
169.398	10.6667
169.916	10.4889
170.437	10.7111
170.957	10.8889
171.478	10.6222
171.998	11.1556
172.517	10.6667
173.037	10.6222
173.557	10.2222
174.078	10.4
174.596	10.2222
175.116	10.2667
175.637	10.5778
176.157	10.4
176.675	10.8
177.195	10.3111
177.715	10.1333
178.235	10.4444
178.753	10.6222
179.274	10.1778
179.794	10.7111
180.311	9.95555
180.831	10.4444
181.351	10.5333
181.869	10.3111
182.389	10.4889
182.909	10.9778
183.427	10.7111
183.947	10.8
184.466	10.6667
184.984	11.0667
185.504	10.6667
186.023	10.8444
186.541	11.2889
187.061	10.4889
187.58	10.8889
188.098	11.2444
188.617	11.4222
189.137	11.1556
189.654	11.3778
190.174	11.5111
190.691	11.4667
191.21	11.3778
191.73	11.3333
192.247	11.4222
192.766	12
193.284	11.9556
193.803	11.6
194.32	11.7333
194.839	11.7778
195.358	12.0889
195.875	11.5111
196.394	11.8222
196.911	12.2222
197.43	12.2667
197.947	12.1778
198.466	12.3111
198.983	12.4
199.502	12.7111
200.019	12.7556
200.538	12.8
201.055	12.6222
201.574	13.0222
202.09	13.2444
202.609	13.1556
203.126	13.1111
203.644	13.0667
204.161	13.3333
204.68	13.2
205.196	13.5556
205.713	13.0222
206.231	13.4222
206.748	13.0222
207.266	13.4667
207.782	13.5111
208.301	13.3778
208.817	13.7333
209.334	13.7778
209.852	13.8667
210.368	14.3111
210.886	13.7778
211.403	13.9556
211.919	14.2667
212.437	13.5111
212.953	13.8667
213.471	14.6222
213.987	14.1778
214.503	14.4
215.021	14.4
215.537	15.0222
216.053	15.0667
216.571	14.5333
217.087	15.0667
217.603	14.9778
218.121	14.7111
218.637	14.5778
219.152	14.5778
219.67	14.9778
220.186	14.8
220.702	15.4667
221.217	15.3333
221.735	15.0667
222.25	15.2444
222.766	14.9333
223.284	15.4667
223.799	15.1111
224.315	15.7333
224.83	15.6
225.347	15.6889
225.863	15.4222
226.378	15.2889
226.893	15.2444
227.411	15.6889
227.926	15.2889
228.441	16.1778
228.957	15.6
229.472	15.6
229.989	15.2444
230.504	15.6
231.019	15.6444
231.534	15.7333
232.049	15.2
232.566	15.9556
233.081	15.3778
233.596	15.3333
234.111	16.1778
234.626	15.6
235.141	15.3333
235.656	15.6889
236.173	15.8667
236.687	15.7778
237.202	15.9111
237.717	15.5111
238.232	16
238.746	15.8222
239.261	16.1778
239.775	16.0889
240.29	15.9556
240.807	15.8667
241.321	15.4667
241.836	16.1333
242.35	16.4
242.865	16
243.379	16.0889
243.893	16.5333
244.408	15.8222
244.922	16.4889
245.436	16.4
245.951	16.6667
246.465	15.9111
246.979	16.4444
247.493	16.2667
248.007	16.8
248.521	16.5778
249.035	16.3556
249.55	16.6667
250.064	16.7111
250.578	16.7111
251.092	16.9778
251.605	17.0222
252.119	16.8444
252.633	16.6667
253.147	16.9333
253.661	17.1556
254.175	16.8
254.689	17.6
255.202	17.3778
255.716	17.4222
256.23	17.0667
256.743	17.2889
257.257	17.2889
257.771	17.3333
258.282	17.3333
258.796	17.6889
259.309	17.7333
259.823	17.7778
260.336	17.6889
260.85	17.8667
261.363	18.0444
261.876	17.5111
262.39	17.8222
262.901	17.8667
263.414	18.1333
263.927	18.3556
264.441	17.8222
264.954	19.0667
265.467	18.4889
265.978	18.6222
266.491	17.9111
267.004	19.0667
267.517	18.4444
268.03	18.6667
268.543	17.7333
269.054	18.9333
269.567	18.6222
270.08	18.5333
270.593	19.0667
271.106	19.0222
271.617	19.3778
272.129	19.0667
272.642	19.1111
273.155	19.4667
273.666	19.5556
274.178	19.4222
274.691	19.5111
275.204	19.6444
275.714	20.0889
276.227	19.4222
276.739	19.7333
277.25	19.6
277.762	19.7333
278.275	20.1333
278.787	20.3111
279.297	20.4889
279.81	20.2667
280.322	20.6222
280.832	20.8
281.345	21.0667
281.857	20.2667
282.367	20.8444
282.879	20.8444
283.391	21.3778
283.902	21.6444
284.414	21.0222
284.924	20.9333
285.436	21.9556
285.948	21.0222
286.458	21.0222
286.97	21.1556
287.482	21.5556
287.991	21.5111
288.503	21.9556
289.013	22
289.525	21.2444
290.035	21.5556
290.547	22.3556
291.058	22.6667
291.568	22.1333
292.08	21.4222
292.589	22.3111
293.101	22.5333
293.61	22.1333
294.122	22.2667
294.631	22.6667
295.143	22.7556
295.652	22.5333
296.164	22.4889
296.675	22.4444
297.185	22.7111
297.696	23.2444
298.205	22.7556
298.715	23.2
299.226	23.2889
299.735	23.3333
300.246	23.4222
300.755	23.5556
301.267	23.9111
301.776	24
302.287	24.0444
302.796	24.6667
303.307	24
303.816	24.5333
304.325	23.9556
304.836	23.4222
305.345	25.1111
305.856	23.8667
306.365	25.2444
306.875	24.2667
307.384	24.9333
307.893	23.6889
308.404	25.2
308.912	25.0667
309.421	24.7556
309.932	24.9778
310.44	25.0667
310.951	25.1556
311.46	25.3778
311.968	26.1333
312.479	25.4222
312.987	25.9111
313.496	26.6667
314.006	27.4667
314.514	27.8667
315.023	27.7778
315.533	27.7778
316.041	28.4
316.55	28.6222
317.058	28
317.568	27.4667
318.076	27.6
318.585	28.0444
319.095	27.5111
319.603	27.3778
320.111	27.1111
320.619	28.1333
321.129	27.3333
321.637	27.6889
322.145	27.8667
322.653	26.8
323.163	27.2
323.671	27.0667
324.179	26.8889
324.687	26.8
325.194	27.2444
325.704	27.2444
326.212	27.2889
326.72	28
327.227	28.1333
327.735	26.7556
328.245	28.0444
328.752	27.6
329.26	27.2
329.767	27.9556
330.275	27.7333
330.782	28.3556
331.29	27.5111
331.799	28.3111
332.307	27.7778
332.814	27.5111
333.321	28.1333
333.829	27.6889
334.336	27.6
334.843	28.1778
335.35	28.8889
335.858	28.2222
336.367	28.3111
336.874	28.2222
337.381	28.4444
337.888	28.4
338.395	28.1333
338.902	28
339.409	29.2444
339.916	28.1333
340.423	28.8889
340.93	28.1778
341.437	28.8889
341.944	29.2889
342.451	29.2
342.958	29.2444
343.464	29.2444
343.971	28.8444
344.478	29.0222
344.985	28.7556
345.491	29.1111
345.998	29.2444
346.505	29.6889
347.011	29.2
347.518	30.0889
348.024	29.3778
348.531	29.9556
349.037	29.5556
349.544	30.4
350.05	30
350.557	29.9111
351.063	30.8
351.569	30.0889
352.076	30.0444
352.58	30.8889
353.086	30.2222
353.592	30.5778
354.099	31.5111
354.605	31.6444
355.111	31.2444
355.617	31.4667
356.123	30.9333
356.629	31.6
357.133	31.3333
357.639	32.0444
358.145	31.4667
358.651	31.9556
359.157	32.1778
359.663	32.0889
360.169	31.7333
360.672	31.7333
361.178	32.6222
361.684	31.6
362.19	32.3111
362.696	31.9111
363.199	31.8222
363.705	31.9111
364.21	32.1778
364.716	32.4
365.222	32.6222
365.725	32.4889
366.231	33.5556
366.736	32.9333
367.242	32.2667
367.745	33.0222
368.251	32.6667
368.756	33.0222
369.261	32.9333
369.765	33.5111
370.27	32.8444
370.775	33.3333
371.278	33.3778
371.784	33.2444
372.289	32.9778
372.792	33.4667
373.297	34.0444
373.802	33.8667
374.307	34.0889
374.81	33.5556
375.315	34.4
375.82	33.6889
376.323	34.3556
376.828	34.0444
377.331	33.9111
377.836	34.6222
378.341	34.2667
378.844	34.6667
379.348	34.8
379.853	35.2444
380.356	34.7556
380.861	33.6444
381.363	34.3111
381.868	35.1556
382.373	35.0222
382.875	35.4222
383.38	34.4889
383.882	34.6222
384.387	35.3778
384.889	35.4667
385.394	35.3778
385.898	34.2667
386.4	34.8
386.905	35.3333
387.407	35.2889
387.912	35.0667
388.414	35.2444
388.918	35.1556
389.42	34.9778
389.925	35.1111
390.427	34.8444
390.931	34.5778
391.433	35.4667
391.937	34.4889
392.439	35.5556
392.943	35.1111
393.445	34.8
393.949	34.8889
394.451	35.1556
394.955	35.8667
395.457	35.2
395.959	35.5556
396.463	35.7778
396.964	35.2889
397.468	34.8
397.97	35.3778
398.474	35.6
398.975	35.7778
399.477	35.2444
399.981	35.0667
400.482	36.4444
400.986	35.6
401.488	36.8889
401.989	36.3111
402.493	36.0444
402.994	36.2667
403.495	36.3556
403.999	36.6667
404.5	36.8444
405.002	36.5778
405.505	36.2222
406.006	36.4
406.508	37.7778
407.011	37.1556
407.512	37.9111
408.013	37.2
408.517	38.4
409.018	37.9111
409.519	38.6222
410.022	37.5556
410.523	39.8222
411.024	40.0444
411.525	40.6667
412.028	41.0222
412.529	40.6667
413.03	39.9111
413.531	40.8
414.034	39.9556
414.534	40.2667
415.035	39.6889
415.536	40.5333
416.039	39.3778
416.54	40.3556
417.04	41.0667
417.541	40.1333
418.042	40.8
418.544	41.8667
419.045	41.6
419.545	42.6667
420.046	42.8
420.546	43.0222
421.047	43.3778
421.549	42.9778
422.05	42
422.55	41.8222
423.051	41.3333
423.551	40.6667
424.051	40.7556
424.551	40.0889
425.052	40.4889
425.554	39.2889
426.054	39.9111
426.554	38.4444
427.054	38.4
427.555	38.1333
428.055	38.0444
428.555	38.1778
429.055	37.6889
429.555	37.2444
430.055	36.7111
430.555	37.6444
431.055	37.1556
431.557	37.0222
432.056	36.6667
432.556	37.2889
433.056	36.1778
433.556	36.2667
434.056	36.3111
434.555	36.8444
435.055	37.0667
435.555	36.4444
436.055	36.4889
436.554	35.7778
437.054	36.6667
437.553	35.5556
438.053	35.4667
438.552	35.2
439.052	35.8222
439.549	34.8889
440.049	35.1111
440.548	35.1111
441.047	34.5778
441.547	34.7556
442.046	34.5778
442.545	33.9556
443.045	33.7778
443.544	33.9111
444.043	34.0444
444.542	32.9778
445.042	33.8222
445.541	33.4222
446.038	33.6889
446.537	33.8667
447.036	32.8
447.535	32.7556
448.034	32
448.533	32.7111
449.032	31.9556
449.529	32.6222
450.028	32.1778
450.527	32.4889
451.025	32.0444
451.524	32.3556
452.023	31.3778
452.52	31.8667
453.018	32
453.517	30.8444
454.016	31.3778
454.514	30.7111
455.011	31.6889
455.51	30.9333
456.008	31.6889
456.507	31.6
457.003	30.9333
457.502	30.7556
458	31.4222
458.499	31.6
458.995	31.2444
459.493	30.8
459.992	30.6667
460.49	30.1778
460.986	30.2222
461.484	30.5333
461.983	30.4
462.479	29.9556
462.977	30.5333
463.475	29.1556
463.971	30.0889
464.469	28.9778
464.968	29.8667
465.464	29.2889
465.962	29.4222
466.46	28.8
466.955	29.5556
467.453	29.3778
467.951	29.6889
468.447	29.8222
468.945	28.4889
469.443	29.6889
469.939	28.4
470.436	28.8
470.932	28.3111
471.43	27.7778
471.928	28.8444
472.423	28.9778
472.921	28.3556
473.416	28.1778
473.914	28.3111
474.41	27.7333
474.907	28.2222
475.405	28.2667
475.9	28.1778
476.398	28.8889
476.893	27.2
477.39	28
477.886	27.6
478.383	28.6222
478.878	28
479.376	28.2222
479.871	27.8667
480.368	28.1333
480.863	27.6444
481.36	28.0889
481.856	28.6222
482.353	27.4667
482.848	28.3111
483.345	27.8667
483.84	27.6
484.337	28.1333
484.832	27.8222
485.327	26.8444
485.824	27.2
486.319	26.9333
486.815	27.3778
487.31	26.4
487.807	26.2667
488.302	27.3333
488.797	27.2
489.293	27.1556
489.788	25.9111
490.283	26.5778
490.779	27.2889
491.274	26.8
491.771	27.1556
492.265	26.2667
492.76	26.8
493.256	26.5333
493.751	26.0444
494.245	26.9333
494.742	27.0667
495.236	27.0222
495.73	26.1778
496.227	26.9333
496.721	27.2889
497.215	26.5778
497.712	26.8444
498.206	26.4889
498.7	25.7333
499.194	26
499.691	26.7111
500.185	26.2222
500.679	26.6222
501.173	26.6667
501.669	27.1556
502.163	25.9556
502.657	26.4
503.151	25.4667
503.647	26.6222
504.141	26
504.635	26
505.129	26.4889
505.624	25.9111
506.118	26
506.612	26.4889
507.106	25.6889
507.6	26.5333
508.093	26.5333
508.589	26.4444
509.083	26.5778
509.576	26.0889
510.07	26.4
510.563	26.1778
511.057	26.3556
511.552	26.6222
512.046	26.3111
512.539	27.2889
513.033	27.6889
513.526	26.9778
514.02	27.0222
514.513	27.2
515.006	28.3111
515.5	26.6222
515.993	27.0667
516.488	28.2667
516.981	26.9333
517.475	27.0667
517.968	26.7556
518.461	26.9778
518.954	27.2444
519.447	26.8889
519.94	26.8
520.433	27.2
520.926	26.2222
521.419	26.9333
521.912	26.0889
522.405	26.6667
522.898	26.4444
523.391	27.8222
523.884	26.8889
524.377	27.0222
524.869	27.5556
525.362	27.0222
525.855	28
526.348	27.3778
526.84	27.0667
527.333	27.6889
527.826	27.6889
528.318	27.8222
528.811	28.5778
529.303	28.2667
529.796	28.5333
530.286	28.4889
530.779	29.1111
531.271	28.5778
531.764	29.4667
532.256	30.0444
532.748	30.0889
533.241	30.3111
533.733	31.1111
534.225	31.3778
534.716	32.0444
535.208	32.8
535.7	33.0667
536.192	33.3333
536.684	35.3333
537.176	35.1556
537.669	36.1333
538.159	37.3333
538.651	37.5111
539.143	38.3111
539.635	40.2667
540.127	41.7778
540.617	43.1556
541.109	44.0889
541.6	44.8889
542.092	46.5333
542.584	47.6
543.074	48.9778
543.566	49.6444
544.057	51.8222
544.549	51.0667
545.039	52.6667
545.531	52.5778
546.022	53.5111
546.514	54.7556
547.003	54.8444
547.495	56.4444
547.987	56.5333
548.476	57.6444
548.967	58.7111
549.459	59.7778
549.95	61.5111
550.44	63.8667
550.931	66.1333
551.423	67.6444
551.912	69.4222
552.403	71.9556
552.894	73.5111
553.384	76.9778
553.875	80.4
554.364	83.0222
554.855	86.1778
555.346	89.3778
555.836	93.4667
556.327	97.5556
556.818	103.156
557.307	107.244
557.798	113.867
558.287	121.556
558.778	127.244
559.269	135.911
559.757	143.467
560.248	155.556
560.737	170.178
561.228	185.511
561.717	206.133
562.208	229.644
562.696	259.333
563.187	299.822
563.678	352.311
564.166	417.956
564.657	517.511
565.146	647.956
565.636	841.689
566.125	1153.96
566.615	1650.76
567.104	2409.96
567.594	3313.42
568.083	3894.71
568.571	3701.91
569.062	2788.53
569.55	1742.84
570.04	1032
570.529	644.933
571.019	438
571.507	314.844
571.997	241.244
572.486	190.844
572.974	156.622
573.464	131.6
573.952	112.622
574.442	97.6
574.93	85.4667
575.418	76.0889
575.908	68.3111
576.396	61.5111
576.886	56.9778
577.374	52.0444
577.862	47.7778
578.352	44.5778
578.84	42.0889
579.328	38.6222
579.818	36.9333
580.305	34.5778
580.793	32.3111
581.283	31.3778
581.771	29.2889
582.258	28.2667
582.748	27.1556
583.236	26.8444
583.723	25.2444
584.211	25.1111
584.7	24.6667
585.188	23.3778
585.675	22.6667
586.163	22.6667
586.652	22.5333
587.14	21.5556
587.627	21.4667
588.115	20.4889
588.604	20.3111
589.091	19.6444
589.578	19.6889
590.066	19.7333
590.555	19.2
591.042	19.4222
591.529	18.8889
592.017	18.9333
592.504	18.4
592.993	18.7111
593.48	17.9111
593.967	18.5333
594.454	18.0889
594.941	17.6444
595.428	17.5111
595.915	17.7333
596.404	17.1111
596.891	17.6444
597.378	17.3778
597.864	17.3778
598.351	17.2444
598.838	17.1556
599.325	17.5556
599.812	16.8444
600.3	16.6667
600.787	16.1333
601.274	16.2667
601.76	16.7556
602.247	15.8222
602.733	16.2222
603.22	15.8667
603.707	16.3111
604.193	15.8667
604.68	16.3556
605.166	15.7778
605.652	15.7333
606.139	15.9111
606.625	15.2
607.112	15.8222
607.598	15.8222
608.084	15.5111
608.57	15.5556
609.057	15.4667
609.543	15.3778
610.029	15.4667
610.515	15.9556
611.001	15.4222
611.487	15.7778
611.974	15.3778
612.46	15.7333
612.946	16.1333
613.432	15.4222
613.918	15.1111
614.404	15.2
614.89	15.6
615.373	15.6889
615.859	14.7556
616.345	14.8444
616.831	14.8889
617.317	15.0222
617.803	14.5333
618.288	14.9778
618.774	14.6222
619.26	14.9778
619.743	14.3111
620.229	14.2667
620.715	13.9556
621.2	14.4
621.686	14.6222
622.171	14.8
622.655	14
623.14	13.7333
623.626	14.0444
624.111	14.0444
624.597	13.9111
625.08	13.6444
625.565	13.7333
626.051	13.6889
626.536	13.6889
627.021	14
627.505	13.6
627.99	13.6889
628.475	13.8667
628.96	13.8667
629.443	13.9111
629.929	13.9556
630.414	13.7778
630.897	13.8667
631.382	13.6
631.867	14
632.352	13.2889
632.835	13.4222
633.32	13.7333
633.805	13.2889
634.287	13.3333
634.772	13.5556
635.257	13.5111
635.74	13.0222
636.225	13.2444
636.71	12.9333
637.192	13.2889
637.677	12.7556
638.162	13.5111
638.644	12.9778
639.129	12.9778
639.612	13.2
640.096	12.8444
640.581	13.0222
641.063	12.8889
641.548	13.2
642.03	12.8
642.515	13.1111
642.999	12.9778
643.482	12.4889
643.966	12.9333
644.448	12.8
644.933	12.9333
645.415	12.8
645.899	12.1778
646.381	12.7111
646.866	12.6222
647.348	12.2667
647.832	11.7778
648.316	12.3111
648.798	12.1333
649.282	11.6444
649.764	11.6889
650.246	12.2667
650.73	12.0889
651.212	11.9556
651.696	11.8222
652.178	11.2889
652.662	11.1111
