345.458	30.6222
345.967	30.4
346.476	30.0889
346.984	29.8222
347.493	30.6667
348.001	31.0667
348.51	29.8222
349.019	29.7778
349.527	30.4
350.036	30.9333
350.544	30.2667
351.053	30.6222
351.561	30.8444
352.069	30.7111
352.578	31.3778
353.086	31.6444
353.594	31.1111
354.103	31.9556
354.611	31.2889
355.119	32.0444
355.627	32.1333
356.135	31.3333
356.644	32.4
357.152	31.7778
357.66	32.8889
358.168	32
358.676	32.5333
359.184	32.3111
359.692	31.6444
360.2	32.5778
360.708	32.3556
361.216	32.2667
361.721	33.0222
362.229	32.4
362.737	33.4667
363.245	32.2667
363.753	32.1778
364.26	32.8444
364.768	32.8444
365.276	33.2444
365.783	32.8
366.289	33.1556
366.796	32.6222
367.304	33.0222
367.811	33.3778
368.319	33.1556
368.826	33.1111
369.334	33.7333
369.839	33.2889
370.346	33.6444
370.854	33.2444
371.361	33.4667
371.868	34.4889
372.374	33.0222
372.881	33.5556
373.388	33.8667
373.895	33.9111
374.402	33.8667
374.908	34.5333
375.415	34.5778
375.922	34.2667
376.429	35.2
376.936	34.6667
377.441	34.8
377.948	35.5556
378.455	34.8444
378.959	35.2
379.466	34.9778
379.973	35.1111
380.48	34.9778
380.985	35.3333
381.491	35.8667
381.998	35.2444
382.505	34.7111
383.01	35.3333
383.516	35.0222
384.023	34.8889
384.527	34.7556
385.034	34.8444
385.54	35.4222
386.045	35.5556
386.551	35.2889
387.058	35.6
387.562	35.6444
388.069	36.5778
388.575	34.6222
389.079	35.0667
389.586	35.4222
390.09	35.6889
390.596	35.5555
391.102	35.0222
391.607	34.9778
392.113	35.3778
392.617	35.7333
393.123	35.8222
393.629	34.9333
394.133	36.0889
394.639	35.8222
395.143	36.4
395.649	35.1556
396.153	36.0889
396.659	35.7333
397.165	36
397.669	36.5778
398.174	36.8444
398.678	36.1333
399.184	36.3556
399.688	36.0444
400.193	35.7333
400.697	36.4
401.203	36.7111
401.706	36.9333
402.212	36.9333
402.715	37.3778
403.221	37.5556
403.724	37.0222
404.23	36.7556
404.733	37.4667
405.239	36.7556
405.742	36.2222
406.248	36.7111
406.751	37.7778
407.254	37.6444
407.76	37.6444
408.263	38.1778
408.768	39.1111
409.271	37.2889
409.776	38.5333
410.28	39.8222
410.783	40.5333
411.288	40.4
411.791	40.5778
412.296	40.9333
412.799	41.0222
413.302	41.7778
413.807	41.2
414.31	41.3333
414.813	41.2444
415.318	40.7111
415.82	40.9333
416.323	40.8444
416.828	40.6667
417.331	41.1556
417.835	41.6889
418.338	41.1556
418.841	42.3111
419.343	42.5333
419.848	43.8667
420.351	44
420.853	43.1111
421.358	44.0889
421.86	43.4667
422.363	42.9778
422.867	42.0889
423.37	42.1333
423.872	41.2889
424.374	41.4667
424.879	41.0222
425.381	40.9778
425.883	40.1333
426.386	39.2889
426.89	39.2889
427.392	38.8889
427.894	38.5778
428.396	38.4889
428.898	38.8
429.403	37.0222
429.905	38.1778
430.407	36.9778
430.909	37.2889
431.411	37.6444
431.915	38.4444
432.416	37.6444
432.918	37.4667
433.42	37.5111
433.922	37.5556
434.424	36.8
434.928	36.8444
435.429	37.4222
435.931	37.0222
436.433	37.1556
436.934	37.1111
437.436	37.2
437.938	36.7111
438.441	36.8889
438.943	36.0444
439.444	35.7778
439.946	36.0889
440.447	35.7333
440.949	34.9778
441.45	35.3778
441.952	35.6444
442.453	34.0444
442.954	35.4667
443.456	34.1778
443.957	34.2667
444.46	33.5111
444.961	34.1778
445.463	34.2222
445.964	33.8667
446.465	33.6444
446.966	33.0222
447.467	33.4222
447.968	33.9556
448.469	33.7778
448.97	33.0222
449.471	33.2889
449.972	32.8444
450.473	32.8444
450.974	32.0444
451.475	33.1111
451.976	32.7111
452.477	32.1778
452.977	31.6444
453.478	32.5333
453.977	32
454.477	31.3778
454.978	31.7333
455.479	31.4222
455.979	31.6889
456.48	31.1556
456.981	31.5556
457.481	31.8667
457.982	31.6444
458.482	31.4222
458.983	31.2
459.483	31.2444
459.981	31.5556
460.482	31.2889
460.982	30.9333
461.482	31.2889
461.983	30.7556
462.483	30.4
462.983	30.5778
463.481	30.6667
463.982	30.5333
464.482	30.5778
464.982	29.6889
465.482	30.6667
465.982	29.6
466.48	30.0889
466.98	30.1778
467.48	29.2
467.98	29.4222
468.48	30.2222
468.978	29.0667
469.478	29.1111
469.978	29.2444
470.477	28.4444
470.977	29.1111
471.475	28.6222
471.975	29.4222
472.474	29.4222
472.974	28.4
473.472	28.6667
473.971	28.5778
474.471	28.8889
474.969	28.5778
475.468	29.0222
475.968	27.9111
476.467	28.9778
476.965	29.1556
477.464	28.4
477.963	28.5778
478.461	28.3111
478.96	29.0667
479.459	28.3111
479.957	28.6222
480.456	28.1778
480.955	28.3556
481.452	28.4
481.952	28
482.451	27.6
482.948	27.8222
483.447	27.6
483.946	27.9556
484.443	28.2667
484.942	27.8667
485.439	27.8222
485.938	28
486.437	28.1778
486.934	27.3333
487.433	27.4222
487.93	27.1556
488.429	27.2
488.927	27.6444
489.424	27.4222
489.923	27.5111
490.42	27.5556
490.918	27.5111
491.415	26.8889
491.914	27.5111
492.41	27.7333
492.909	26.8
493.405	27.0222
493.904	27.2444
494.401	27.4667
494.899	27.3778
495.395	26.7556
495.894	27.2444
496.39	27.0222
496.889	26.9333
497.385	26.7556
497.883	26.7556
498.38	27.2444
498.878	26.4
499.374	27.2
499.872	26.8
500.368	26.2667
500.867	26.0889
501.363	27.8667
501.861	26.9333
502.357	26.8
502.853	26.1333
503.351	26.5333
503.847	25.8667
504.345	26.8
504.841	26.8889
505.337	26
505.835	26.4889
506.33	26.4444
506.828	26.0444
507.324	26.4
507.82	26.2667
508.318	26
508.813	26.6667
509.309	26.4
509.807	26.3111
510.302	26.4889
510.798	27.5556
511.296	27.2889
511.791	27.2889
512.287	26.9333
512.784	26.4444
513.28	27.2444
513.775	27.7333
514.272	27.9111
514.768	27.9556
515.263	27.3778
515.758	28
516.256	27.3778
516.751	27.1556
517.246	27.2889
517.742	28.1333
518.239	27.2889
518.734	27.6889
519.229	26.9333
519.724	27.2444
520.221	26.8
520.716	26.5778
521.211	27.0667
521.706	27.2
522.203	26.7556
522.698	26.8
523.193	27.6889
523.688	27.2889
524.183	27.2444
524.678	27.2889
525.175	27.3333
525.67	27.9556
526.164	28.1778
526.659	28.0444
527.154	28.7111
527.648	28.5333
528.145	28.2222
528.64	28.3111
529.134	28.2222
529.629	29.2889
530.123	29.5111
530.618	28.8889
531.112	28.5778
531.607	29.2444
532.103	29.1111
532.598	30
533.092	29.8222
533.587	30.9778
534.081	31.3778
534.575	31.8222
535.069	32.1778
535.564	33.6444
536.058	34.2222
536.552	34.3556
537.046	36.3111
537.54	35.6889
538.035	36.6222
538.529	38
539.023	37.9111
539.517	40.1333
540.011	40.5333
540.505	42.3111
540.999	44.3556
541.493	44.2667
541.987	45.4667
542.48	46.2222
542.974	48.5333
543.468	49.5111
543.962	51.1111
544.456	52.4
544.949	52.8444
545.443	53.5556
545.937	54.1778
546.43	54.4
546.924	55.3333
547.418	54.8889
547.911	56.7111
548.405	56.3111
548.898	59.7333
549.392	59.8222
549.883	61.6
550.377	62.8889
550.87	64.5778
551.364	66.0889
551.857	68.9778
552.35	70.2222
552.844	72.8
553.337	74.1778
553.828	79.2889
554.321	81.2889
554.815	84.4445
555.308	88.8444
555.801	92.4
556.294	95.6889
556.785	100
557.278	104.622
557.771	109.067
558.264	115.244
558.757	121.333
559.248	130.622
559.741	138.311
560.234	147.467
560.727	158
561.22	171.911
561.711	186.489
562.203	209.644
562.696	234.933
563.189	266.622
563.68	307.689
564.172	360.889
564.665	431.822
565.158	531.067
565.648	664.311
566.141	875.333
566.634	1190.62
567.124	1715.24
567.617	2494.67
568.109	3398.22
568.602	3955.78
569.092	3739.51
569.584	2801.82
570.077	1736.98
570.567	1026.84
571.059	642.444
571.552	431.822
572.042	316.667
572.534	241.067
573.026	192.667
573.517	157.244
574.009	130.489
574.499	111.556
574.991	98.8444
575.483	85.6
575.973	75.7333
576.465	70.7556
576.955	62.7111
577.447	57.6444
577.939	52.2667
578.429	48.0889
578.921	44.7556
579.411	40.8
579.903	38.4444
580.392	36.3556
580.884	34.7111
581.376	33.0222
581.866	30.8
582.357	29.0222
582.847	28.6667
583.339	28.4889
583.828	26.6222
584.32	25.7778
584.81	24.9778
585.301	24.1778
585.791	23.8222
586.282	23.2889
586.772	22.4444
587.263	22.0444
587.753	21.6889
588.244	21.2444
588.733	20.3556
589.225	20.4
589.714	19.7778
590.203	19.3778
590.695	19.8667
591.184	19.3333
591.675	19.7333
592.164	19.0667
592.655	18.7111
593.144	18.5778
593.633	18.7111
594.125	18.3556
594.614	19.1111
595.105	18.2222
595.594	17.9556
596.083	17.8222
596.574	17.5111
597.062	18
597.553	17.4222
598.042	17.1111
598.531	17.6
599.022	17.4222
599.511	17.2
599.999	17.2444
600.49	17.4667
600.979	17.2444
601.467	16.8444
601.958	16.5333
602.447	16
602.935	16.7556
603.424	16.4889
603.914	16.4889
604.403	16.0889
604.891	16.5333
605.382	16.1778
605.87	16.3556
606.359	15.5111
606.847	15.9556
607.338	16.1778
607.826	16.4889
608.314	15.6889
608.802	15.3778
609.293	16.1333
609.781	16.4
610.269	15.5556
610.757	14.9333
611.245	15.6444
611.736	15.7333
612.224	15.7333
612.712	16.4444
613.2	16
613.688	15.7778
614.178	15.6444
614.666	14.9333
615.154	15.4667
615.642	15.2444
616.13	15.4667
616.617	14.8444
617.105	15.1556
617.595	15.2889
618.083	15.2889
618.571	15.5111
619.058	15.1556
619.546	14.9778
620.034	14.4444
620.521	14.7556
621.009	14.6222
621.497	14.7556
621.986	14.6667
622.474	14.4889
622.961	14.2667
623.449	13.9556
623.936	14.3556
624.424	14.3111
624.911	14.4
625.398	13.8222
625.886	14.0889
626.373	14.1778
626.86	13.6444
627.348	14.0444
627.835	14.1333
628.322	13.9556
628.809	13.5111
629.296	14.0444
629.784	13.8222
630.271	14.2667
630.758	14.1333
631.245	14.0444
631.732	13.5556
632.219	13.8667
632.706	13.4222
633.193	13.5556
633.68	13.6
634.167	13.0667
634.654	14.4444
635.141	13.7333
635.627	13.2444
636.114	13.2
636.599	13.4222
637.086	12.7111
637.572	13.2
638.059	13.2889
638.546	13.1556
639.032	12.8
639.519	12.9333
640.006	13.0667
640.492	12.8444
640.977	13.3333
641.463	13.3333
641.95	12.7111
642.436	13.3778
642.923	12.9778
643.409	12.4444
643.894	13.2
644.38	12.1778
644.866	12.8444
645.353	12.5333
645.839	12.6222
646.325	12.9333
646.809	12.5778
647.296	12.8889
647.782	11.9111
648.268	12.8444
648.752	12.4
649.238	12.3111
649.724	11.9556
650.21	11.9556
650.696	12.1778
651.18	12
651.666	12.1778
652.152	11.7778
652.636	11.5556
653.122	11.5111
653.608	11.7333
654.094	11.4222
654.578	11.1111
655.063	11.5111
655.549	11.8222
656.033	11.6
656.519	11.7778
657.004	11.6444
657.488	11.6
657.974	11.4222
658.459	11.2889
658.943	10.9778
659.428	10.8
659.914	11.4667
660.397	11.4222
660.883	11.4667
661.368	11.0667
661.852	11.3333
662.337	11.0667
662.82	11.0222
663.306	11.0667
663.791	11.2444
664.274	11.1556
664.76	11.2444
665.243	10.8
665.728	10.6222
666.213	11.2444
666.697	11.2889
667.182	11.0222
667.665	10.1333
668.15	10.7111
668.633	11.0667
669.118	10.8444
669.601	10.9778
670.086	10.2667
670.569	10.8444
671.054	10.3111
671.537	10.6667
672.022	10.8444
672.505	10.8444
672.989	10.4889
673.472	11.0222
673.957	10.4889
674.44	11.0667
674.924	10.4
675.407	10.5333
675.892	10.1778
676.375	10.5778
676.859	10.4
677.342	10.5333
677.824	10.5333
678.309	10.3111
678.791	10.5333
679.276	10.2222
679.758	10.1333
680.243	10.1333
680.725	10.6667
681.208	10.1778
681.692	10.4444
682.174	9.82222
682.657	10.7556
683.141	10.0889
683.623	9.95556
684.107	10.1333
684.59	9.95556
685.072	10.3111
685.556	9.46667
686.038	10.0889
686.52	9.77778
687.004	10.2222
687.486	9.77778
687.968	9.73333
688.452	9.68889
688.934	10
689.416	10.3556
689.898	9.95556
690.382	10.3111
690.864	10
691.346	10.8
691.83	10
692.312	10.1778
692.793	10.2222
693.275	10.4444
693.759	10.2222
694.241	10.2222
694.722	10.6222
695.204	10.6667
695.685	10.2667
696.169	10.4
696.651	11.0667
697.132	10.5778
697.614	10.5778
698.095	10.9778
698.579	10.3556
699.06	10.7556
699.542	10.9778
700.023	11.0667
700.504	10.8444
700.988	10.9333
701.469	11.3333
701.95	11.2889
702.432	10.7111
702.913	11.7778
703.394	11.6444
703.875	11.4667
704.356	12
704.839	11.8222
705.321	11.9556
705.802	11.7333
706.283	12.2222
706.764	11.8222
707.245	12.0889
707.726	12.6667
708.207	12.5778
708.688	12.8444
709.169	13.1111
709.649	13.1556
710.13	13.2
710.611	13.3333
711.092	13.7778
711.575	13.8667
712.055	14.4444
712.536	14.5333
713.017	14.4444
713.497	14.8444
713.978	15.0667
714.459	16.2222
714.939	16.1778
715.42	16.4
715.9	17.1111
716.381	17.7778
716.859	18.1778
717.34	18.2667
717.82	18.9778
718.301	19.7778
718.781	20.6667
719.262	20.7556
719.742	21.7333
720.222	22.8889
720.703	23.9556
721.183	25.0667
721.663	26.4
722.143	27.2
722.623	29.8222
723.104	30.7111
723.582	32.7556
724.062	35.1556
724.542	37.2
725.022	39.6444
725.502	43.1556
725.982	47.0667
726.462	52.0444
726.94	57.6444
727.42	63.3778
727.9	70.4444
728.38	79.1555
728.86	90.4444
729.339	105.067
729.817	120.178
730.297	140.133
730.777	165.022
731.257	195.2
731.736	233.422
732.214	275.022
732.694	323.156
733.173	370.622
733.653	410.089
734.13	436.711
734.61	441.467
735.089	426.222
735.569	402.489
736.046	365.778
736.526	328.089
737.005	291.111
737.485	254.889
737.962	222.267
738.441	194.222
738.921	169.289
739.398	147.244
739.877	131.511
740.357	117.511
740.834	104.133
741.313	92.8889
741.792	84.4444
742.269	77.4667
742.748	70.4889
743.228	65.7333
743.705	61.0222
744.184	56.8
744.663	53.1111
745.14	51.3778
745.619	47.3778
746.098	46.2667
746.575	43.5111
747.053	42.3556
747.53	40.9778
748.009	39.5111
748.488	37.6889
748.965	36.2667
749.444	36.8889
749.92	34.7111
750.399	33.6
750.876	33.8222
751.354	33.4222
751.831	32.2222
752.31	32.1778
752.788	30.8
753.265	30.2222
753.743	29.4667
754.22	28.7556
754.698	29.3778
755.175	28.0889
755.653	28.1778
756.13	27.8667
756.608	27.5111
757.084	26.6667
757.563	26.4444
758.039	26.1333
758.515	25.5556
758.994	26.3556
759.47	25.1556
759.948	25.4222
760.424	24.9333
760.902	24.7111
761.379	23.7778
761.857	24.1333
762.333	23.9556
762.809	24.6667
763.287	24.0444
763.763	23.8667
764.241	23.6444
764.717	23.0222
765.193	23.6889
765.671	23.0667
766.147	23.0222
766.623	23.6
767.1	22.4889
767.576	22.7111
768.052	22.0444
768.53	22.6667
769.005	22.1333
769.483	21.6444
769.959	22.0889
770.435	22.5778
770.91	22.0444
771.388	21.5556
771.863	21.8222
772.339	21.6
772.816	21.5111
773.292	21.5556
773.767	21.1556
774.243	21.0667
774.72	21.4667
775.196	20.8444
775.671	21.4667
776.147	21.4667
776.624	21.7778
777.099	21.2889
777.574	21.2
778.05	20.7556
778.527	20.8
779.002	21.1111
779.477	20.1333
779.953	19.8222
780.428	20.6667
780.905	20.6667
781.38	21.1111
781.855	20.9778
782.33	20.6222
782.805	21.2444
783.28	19.9556
783.757	19.8222
784.232	20.1778
784.707	20.4444
785.182	19.9556
785.657	19.6889
786.131	20.4
786.606	20.1778
787.083	19.7333
787.558	19.6444
788.032	20.0444
788.507	19.9111
788.982	19.6889
789.457	19.6889
789.931	20.3556
790.406	19.9111
790.88	20
791.355	20.5333
791.83	19.9111
792.304	19.6444
792.779	19.4222
793.253	19.7333
793.727	19.6444
794.202	20.1333
794.678	19.3778
795.153	19.7333
795.627	19.7778
796.101	19.6
796.576	19.2889
797.05	19.2444
797.522	19.7778
797.996	19.6889
798.47	19.9556
798.945	19.5111
799.419	19.4667
799.893	19.4667
800.367	20.1333
800.841	19.7333
801.315	20.1778
801.789	19.5111
802.263	19.5556
802.737	19.1556
803.211	19.2889
803.685	19.4667
804.159	19.5111
804.633	19.4667
805.104	19.5556
805.578	19.1111
806.052	20.0889
806.526	19.3333
807	20.0889
807.473	19.6444
807.947	18.8889
808.419	19.4667
808.892	19.2
809.366	18.5778
809.84	18.6222
810.313	18.5778
810.787	18.9333
811.258	19.1111
811.732	18.9778
812.205	18.7111
812.679	18.4
813.152	17.9556
813.623	18.3111
814.097	18.6222
814.57	19.1556
815.043	18.1778
815.515	18.6222
815.988	18.4889
816.461	18.7556
816.935	18
817.406	18.5778
817.879	18.8444
818.352	18.0444
818.825	18.4444
819.296	18.2667
819.769	18.6667
820.242	18.3111
820.713	17.9556
821.186	18.0444
821.659	18.5333
822.13	18.3556
822.603	18.4444
823.076	17.9556
823.547	18.1333
824.02	18.2222
824.493	18.6667
824.964	17.3778
825.436	18.0444
825.909	17.8222
826.38	17.8222
826.853	18.2667
827.323	17.9556
827.796	18.7111
828.268	17.9111
828.739	17.6
829.212	18.4444
829.682	17.6889
830.155	17.8667
830.627	18.0444
831.098	18.3111
831.57	17.9556
832.041	17.8667
832.513	18.1778
832.984	18.2667
833.456	18.3111
833.926	18.5778
834.398	17.7778
834.869	18.3111
835.341	18.2667
835.811	18.0444
836.284	18.8
836.754	18.3556
837.226	18.0889
837.696	19.2889
838.168	19.0222
838.638	18.6667
839.11	18.5778
839.58	19.4222
840.052	19.0222
840.522	19.1556
840.992	19.3333
841.464	19.6
841.934	20.0889
842.406	19.6
842.876	19.4667
843.348	19.3778
843.818	19.7333
844.287	19.5111
844.759	19.9111
845.229	20.4889
845.701	19.7333
846.17	20.0889
