242.052	14.5926
242.569	13.6296
243.083	12.8148
243.599	12.2963
244.114	11.5062
244.63	11.2593
245.147	10.5185
245.661	10.4444
246.177	10.4938
246.691	9.85185
247.208	9.92593
247.722	9.40741
248.238	9.53086
248.754	9.67901
249.268	9.65432
249.785	9.25926
250.299	9.28395
250.815	9.23457
251.329	9.30864
251.845	9.11111
252.359	9.11111
252.874	9.25926
253.388	8.79012
253.904	8.91358
254.418	9.1358
254.934	8.8642
255.448	9.35803
255.961	8.83951
256.477	8.71605
256.991	9.1358
257.506	8.83951
258.02	8.91358
258.536	8.71605
259.049	8.96296
259.565	9.1358
260.078	8.98765
260.592	9.18518
261.107	9.55556
261.621	9.30864
262.136	9.23457
262.649	9.38272
263.163	9.53086
263.678	9.48148
264.191	9.85185
264.707	10
265.22	10.1481
265.733	10.4198
266.248	10.1728
266.761	10.6173
267.274	10.3457
267.79	10.7654
268.303	10.8148
268.816	11.679
269.331	11.3086
269.844	11.7531
270.356	11.6296
270.871	11.5062
271.384	11.3086
271.897	11.2593
272.412	10.9136
272.925	11.037
273.438	10.8889
273.95	10.6173
274.465	10.4198
274.978	10.6667
275.49	10.8642
276.005	11.037
276.517	10.8889
277.03	11.2593
277.543	11.3086
278.057	11.3086
278.57	11.4074
279.082	11.2346
279.594	10.9383
280.107	10.9383
280.621	10.7654
281.133	10.7654
281.646	10.6173
282.158	10.321
282.67	10.2469
283.184	10.1975
283.697	10.0741
284.209	9.92593
284.721	9.53086
285.233	9.90123
285.745	9.45679
286.259	8.91358
286.771	8.74074
287.283	9.18518
287.795	8.61728
288.307	8.59259
288.819	8.61728
289.331	8.37037
289.845	8.37037
290.356	8.2716
290.868	8.2716
291.38	8.19753
291.892	7.82716
292.403	7.82716
292.915	7.97531
293.427	7.33333
293.938	7.28395
294.45	7.4321
294.963	7.11111
295.475	6.83951
295.986	6.8642
296.498	6.8642
297.009	6.61728
297.521	6.51852
298.032	6.2963
298.543	6.19753
299.055	6.19753
299.566	6.09877
300.077	6.27161
300.589	6.12346
301.1	5.95062
301.611	5.95062
302.122	6.12346
302.633	6.14815
303.144	6.22222
303.655	6.02469
304.166	6.02469
304.677	5.85185
305.188	5.97531
305.699	5.95062
306.21	5.87654
306.721	5.87654
307.232	5.82716
307.743	5.58025
308.251	5.50617
308.762	5.25926
309.273	5.03704
309.784	4.96296
310.294	4.96296
310.805	4.93827
311.316	4.88889
311.826	4.83951
312.337	4.93827
312.848	4.8642
313.356	5.03704
313.866	4.8642
314.377	4.88889
314.887	4.81482
315.398	5.1358
315.908	5.06173
316.419	4.71605
316.927	4.81482
317.437	4.81482
317.947	4.8642
318.458	4.98765
318.968	4.69136
319.478	4.79012
319.986	4.83951
320.496	4.74074
321.006	4.74074
321.516	5.01235
322.026	4.83951
322.534	4.69136
323.044	5.03704
323.554	4.64198
324.064	4.64198
324.572	4.8642
325.082	4.96296
325.592	4.98765
326.102	4.79012
326.609	4.69136
327.119	5.01235
327.629	4.81482
328.139	4.81482
328.646	4.79012
329.156	4.91358
329.665	4.8642
330.175	4.98765
330.682	5.16049
331.192	4.88889
331.702	4.98765
332.209	5.08642
332.718	5.03704
333.228	4.88889
333.735	5.30864
334.245	5.28395
334.754	5.25926
335.261	5.03704
335.77	5.28395
336.28	5.4321
336.787	5.50617
337.296	5.33333
337.803	5.28395
338.312	5.40741
338.821	5.50617
339.328	5.03704
339.837	5.20988
340.344	5.11111
340.853	5.38272
341.362	5.25926
341.869	5.48148
342.378	5.33333
342.885	5.16049
343.394	5.23457
343.903	5.23457
344.409	5.30864
344.918	5.16049
345.425	5.08642
345.934	5.40741
346.44	5.1358
346.949	5.28395
347.456	5.18518
347.964	5.33333
348.471	5.38272
348.979	5.1358
349.486	5.16049
349.994	5.18518
350.501	5.30864
351.009	5.35803
351.515	5.55556
352.024	5.38272
352.53	5.53086
353.038	5.60494
353.545	5.53086
354.053	5.60494
354.559	5.62963
355.067	5.50617
355.573	5.75309
356.079	5.65432
356.588	5.75309
357.094	5.72839
357.602	5.77778
358.108	5.85185
358.616	6.02469
359.122	5.85185
359.628	5.80247
360.135	5.75309
360.641	6.17284
361.147	5.97531
361.655	5.77778
362.161	5.97531
362.669	6.2963
363.174	6.32099
363.68	6.22222
364.188	6.09877
364.693	6.04938
365.199	6.2963
365.707	5.97531
366.212	5.97531
366.718	5.95062
367.225	5.75309
367.731	5.38272
368.236	5.06173
368.743	5.30864
369.249	5.20988
369.754	4.76543
370.26	4.79012
370.767	4.8642
371.272	4.79012
371.777	4.54321
372.283	4.64198
372.79	4.2963
373.295	4.74074
373.8	4.49383
374.305	4.37037
374.812	4.49383
375.317	4.41975
375.822	4.24691
376.327	4.39506
376.834	4.37037
377.339	4.41975
377.844	4.27161
378.349	4.46914
378.854	4.32099
379.361	4.46914
379.866	4.39506
380.37	4.61728
380.875	4.39506
381.38	4.49383
381.884	4.61728
382.391	4.64198
382.896	4.76543
383.4	4.64197
383.905	4.49383
384.409	4.66667
384.914	4.74074
385.418	4.5679
385.925	4.59259
386.429	4.64198
386.934	4.46914
387.438	4.51852
387.943	4.74074
388.447	4.64198
388.951	4.64198
389.455	4.39506
389.96	4.69136
390.464	4.64198
390.968	4.59259
391.472	4.54321
391.978	4.61728
392.482	4.61728
392.987	4.69136
393.491	4.49383
393.995	4.5679
394.499	4.49383
395.003	4.64198
395.506	4.74074
396.01	4.76543
396.514	4.5679
397.018	4.83951
397.522	4.96296
398.026	4.69136
398.529	4.69136
399.033	4.81482
399.537	4.83951
400.041	4.69136
400.544	4.96296
401.048	4.96296
401.549	4.88889
402.053	4.74074
402.557	4.59259
403.06	4.93827
403.564	4.8642
404.067	4.93827
404.57	4.66667
405.074	4.76543
405.577	4.8642
406.081	4.83951
406.584	4.71605
407.087	4.98765
407.588	5.06173
408.092	5.03704
408.595	5.01235
409.098	5.16049
409.601	5.11111
410.104	4.96296
410.607	5.18519
411.111	5.08642
411.612	5.25926
412.115	5.08642
412.618	5.45679
413.12	5.03704
413.623	5.62963
414.124	5.20988
414.627	5.45679
415.13	5.35802
415.633	5.67901
416.136	5.62963
416.636	5.60494
417.139	5.55556
417.642	5.50617
418.145	5.77778
418.647	5.50617
419.148	5.85185
419.65	5.92593
420.153	5.85185
420.656	6.14815
421.156	5.95062
421.658	6.24691
422.161	6.32099
422.663	6.51852
423.164	6.5679
423.666	6.69136
424.168	6.88889
424.669	6.88889
425.171	7.16049
425.673	7.45679
426.174	7.62963
426.676	7.7037
427.178	8.09877
427.678	8.24691
428.18	8.24691
428.682	8.5679
429.182	8.79012
429.684	8.41975
430.186	8.83951
430.686	9.11111
431.188	9.1358
431.69	9.06173
432.19	8.98765
432.692	8.96296
433.192	8.39506
433.694	7.95062
434.196	8
434.695	7.45679
435.197	7.1358
435.697	7.16049
436.198	6.71605
436.7	6.54321
437.2	6.39506
437.701	6.02469
438.201	6.51852
438.702	6.24691
439.202	6.34568
439.703	6.37037
440.203	6.2716
440.704	6.14815
441.204	6.37037
441.705	6.49383
442.204	6.91358
442.706	6.81482
443.205	6.61728
443.706	6.81482
444.206	6.88889
444.707	6.93827
445.206	7.08642
445.707	6.91358
446.206	6.51852
446.707	7.01235
447.206	7.06173
447.707	6.8642
448.206	7.20988
448.707	6.93827
449.206	6.98765
449.705	7.62963
450.206	7.65432
450.705	7.95062
451.206	8.41975
451.705	8.74074
452.204	8.66667
452.704	9.18518
453.203	9.01235
453.704	9.45679
454.203	9.50617
454.701	9.18519
455.202	9.75309
455.7	9.28395
456.199	9.67901
456.7	9.67901
457.198	9.38272
457.699	9.55556
458.197	9.1358
458.695	9.23457
459.196	8.49383
459.694	7.7037
460.193	7.25926
460.691	6.46914
461.191	6.79012
461.69	5.97531
462.188	5.90123
462.688	5.85185
463.186	5.87654
463.684	5.65432
464.182	5.90123
464.683	6.12346
465.181	5.87654
465.679	5.87654
466.177	6
466.677	5.92593
467.175	6.04938
467.673	5.82716
468.171	5.90123
468.671	6.02469
469.168	6.07407
469.666	5.85185
470.164	6.22222
470.662	5.97531
471.162	5.90123
471.659	6.19753
472.157	6.59259
472.655	6.2963
473.152	6.51852
473.652	6.46914
474.15	7.03704
474.647	7.45679
475.145	8.02469
475.642	8.66667
476.14	9.06173
476.637	9.87654
477.134	9.60494
477.634	8.32099
478.131	7.23457
478.629	5.95062
479.126	5.30864
479.623	4.61728
480.12	4.02469
480.618	4.24691
481.115	3.87654
481.612	3.75309
482.109	3.82716
482.608	3.53086
483.105	3.40741
483.603	3.75309
484.1	3.48148
484.597	3.40741
485.094	3.65432
485.591	3.62963
486.087	3.65432
486.584	3.35802
487.081	3.7037
487.578	3.7284
488.075	3.40741
488.572	3.48148
489.069	3.38272
489.565	3.53086
490.062	3.33333
490.559	3.28395
491.055	3.53086
491.552	3.50617
492.049	3.48148
492.545	3.4321
493.042	3.38272
493.538	3.60494
494.033	3.4321
494.529	3.50617
495.026	3.50617
495.522	3.33333
496.018	3.16049
496.515	3.4321
497.011	3.40741
497.508	3.1358
498.004	3.33333
498.5	3.28395
498.996	3.38272
499.49	3.33333
499.987	3.23457
500.483	3.38272
500.979	3.4321
501.475	3.20988
501.971	3.40741
502.467	3.11111
502.961	3.40741
503.457	3.23457
503.953	3.20988
504.449	3.38272
504.945	3.38272
505.439	3.30864
505.935	3.33333
506.43	3.35802
506.926	3.1358
507.422	3.18519
507.916	3.11111
508.411	3.1358
508.907	3.25926
509.403	3.35802
509.898	3.20988
510.392	3.33333
510.888	3.11111
511.383	3.16049
511.877	3.20988
512.372	3.1358
512.868	3.11111
513.363	2.98765
513.857	2.98765
514.352	3.20988
514.847	2.93827
515.341	3.20988
515.836	3.16049
516.331	3.1358
516.826	3.06173
517.32	2.8642
517.815	3.11111
518.31	3.08642
518.803	3.03704
519.298	3.06173
519.793	3.03704
520.286	3.06173
520.782	2.83951
521.275	3.06173
521.77	3.16049
522.265	3.18519
522.757	3.16049
523.252	3.08642
523.745	2.91358
524.24	3.01235
524.735	2.88889
525.228	2.98765
525.722	2.8642
526.215	3.01235
526.71	3.06173
527.205	2.8642
527.697	3.03704
528.192	3.06173
528.685	2.8642
529.179	2.88889
529.672	2.88889
530.166	2.96296
530.659	2.88889
531.153	2.98765
531.646	2.91358
532.14	2.98765
532.632	2.91358
533.127	3.25926
533.619	2.71605
534.113	2.76543
534.606	2.93827
535.1	2.83951
535.592	2.93827
536.086	2.76543
536.579	2.88889
537.073	2.96296
537.565	2.83951
538.059	2.74074
538.551	2.98765
539.043	2.96296
539.537	2.96296
540.029	2.88889
540.523	2.96296
541.015	2.8642
541.507	2.71605
542.001	3.03704
542.493	2.88889
542.987	2.88889
543.478	2.74074
543.97	2.96296
544.464	2.96296
544.956	2.69136
545.447	2.83951
545.941	2.96296
546.433	2.66667
546.924	2.88889
547.418	2.81481
547.909	2.83951
548.401	2.51852
548.894	2.81481
549.386	2.71605
549.877	2.76543
550.371	2.88889
550.862	2.79012
551.354	2.66667
551.847	2.8642
552.338	2.88889
552.829	2.91358
553.321	2.88889
553.814	2.98765
554.305	2.93827
554.796	2.91358
555.288	2.8642
555.781	2.81482
556.272	2.93827
556.763	2.81481
557.254	2.83951
557.747	2.8642
558.238	2.88889
558.729	2.91358
559.22	2.93827
559.711	2.98765
560.202	2.96296
560.695	2.81481
561.185	2.98765
561.676	2.91358
562.167	2.69136
562.658	2.8642
563.148	2.98765
563.641	2.93827
564.132	2.79012
564.623	2.79012
565.113	2.98765
565.604	2.81481
566.094	2.8642
566.585	2.8642
567.077	2.93827
567.568	2.79012
568.058	2.79012
568.549	2.8642
569.039	2.88889
569.53	2.88889
570.02	2.8642
570.51	2.8642
571.001	2.88889
571.491	2.83951
571.981	2.8642
572.471	2.96296
572.962	2.91358
573.452	2.91358
573.942	2.8642
574.432	2.79012
574.922	2.88889
575.412	2.8642
575.902	2.98765
576.392	2.91358
576.882	2.69136
577.372	2.81482
577.862	3.03704
578.352	2.98765
578.842	2.88889
579.332	2.83951
579.822	3.03704
580.312	2.8642
580.801	2.79012
581.291	2.96296
581.781	2.71605
582.27	2.88889
582.76	2.66667
583.25	2.93827
583.739	2.88889
584.229	2.51852
584.719	2.91358
585.206	2.91358
585.696	2.59259
586.185	3.06173
586.675	2.76543
587.164	2.81482
587.653	2.8642
588.143	2.88889
588.632	2.71605
589.12	3.01235
589.609	2.61728
590.098	2.8642
590.587	2.71605
591.077	2.83951
591.566	2.76543
592.053	2.79012
592.542	2.8642
593.031	2.74074
593.52	2.79012
594.009	2.74074
594.496	2.69136
594.985	2.79012
595.474	2.66667
595.963	2.93827
596.452	2.83951
596.939	2.74074
597.428	2.49383
597.917	2.79012
598.406	2.81481
598.893	2.69136
599.381	2.8642
599.87	2.76543
600.357	2.54321
600.846	2.61728
601.334	2.51852
601.823	2.79012
602.309	2.69136
602.798	2.64198
603.287	2.61728
603.773	2.81481
604.262	2.76543
604.75	2.5679
605.237	2.64198
605.725	2.79012
606.214	2.66667
606.7	2.81481
607.188	2.54321
607.677	2.64198
608.163	2.61728
608.651	2.88889
609.137	2.54321
609.626	2.69136
610.114	2.5679
610.6	2.64198
611.088	2.71605
611.574	2.74074
612.062	2.5679
612.55	2.59259
613.036	2.61728
613.524	2.44444
614.01	2.51852
614.498	2.44444
614.984	2.37037
615.472	2.44444
615.958	2.46914
616.446	2.41975
616.934	2.64198
617.42	2.32099
617.907	2.54321
618.393	2.34568
618.881	2.49383
619.367	2.64198
619.854	2.41975
620.34	2.64198
620.828	2.34568
621.313	2.79012
621.799	2.44444
622.286	2.32099
622.772	2.59259
623.259	2.37037
623.745	2.37037
624.232	2.41975
624.718	2.61728
625.205	2.66667
625.69	2.44444
626.176	2.49383
626.663	2.54321
627.148	2.44444
627.635	2.37037
628.121	2.39506
628.606	2.41975
629.093	2.2963
629.578	2.34568
630.065	2.46914
630.551	2.51852
631.036	2.59259
631.523	2.54321
632.008	2.5679
632.493	2.44444
632.98	2.34568
633.465	2.32099
633.949	2.39506
634.436	2.64198
634.921	2.5679
635.406	2.27161
635.893	2.34568
636.378	2.44444
636.862	2.34568
637.347	2.39506
637.834	2.51852
638.319	2.39506
638.803	2.24691
639.288	2.46914
639.774	2.51852
640.259	2.19753
640.744	2.34568
641.228	2.51852
641.715	2.51852
642.199	2.49383
642.684	2.5679
643.168	2.24691
643.654	2.32099
644.139	2.19753
644.623	2.51852
645.107	2.34568
645.592	2.41975
646.078	2.51852
646.562	2.49383
647.046	2.41975
647.531	2.64198
648.015	2.32099
648.499	2.34568
648.983	2.41975
649.469	2.22222
649.953	2.22222
650.437	2.34568
650.921	2.22222
651.405	2.46914
651.889	2.46914
652.373	2.39506
652.857	2.44444
653.343	2.41975
653.827	2.14815
654.311	2.34568
654.794	2.39506
655.278	2.41975
655.762	2.14815
656.246	2.41975
656.729	2.27161
657.213	2.22222
657.697	2.2963
658.18	2.37037
658.664	2.24691
659.147	2.19753
659.631	2.2716
660.115	2.46914
660.598	2.54321
661.081	2.24691
661.565	2.2963
662.048	2.34568
662.532	2.37037
663.015	2.14815
663.498	2.2963
663.982	2.34568
664.465	2.24691
664.948	2.2963
665.432	2.19753
665.915	2.22222
666.398	2.24691
666.881	2.17284
667.364	2.2963
667.847	2.19753
668.33	2.32099
668.811	2.49383
669.294	2.09877
669.777	2.27161
670.26	2.09877
670.743	2.2716
671.226	2.2963
671.709	2.14815
672.192	2.41975
672.673	2.12346
673.156	2.19753
673.639	2.04938
674.121	2.19753
674.604	2.19753
675.087	2.24691
675.567	2.24691
676.05	2.19753
676.533	2.22222
677.015	2.12346
677.498	2.17284
677.981	2.2963
678.461	1.97531
678.944	2.17284
679.426	2.2716
679.909	2.09877
680.389	2.17284
680.871	2.19753
681.354	2.09877
681.836	1.92593
682.316	2.24691
682.799	2.17284
683.281	2.14815
683.763	2.04938
684.244	2.12346
684.726	2.12346
685.208	2.09877
685.688	2.12346
686.17	2.22222
686.652	1.90123
687.134	2.04938
687.614	2
688.096	1.87654
688.578	1.95062
689.058	2.19753
689.54	1.92593
690.022	1.80247
690.502	1.97531
690.984	1.90123
691.464	1.92593
691.946	2.07407
692.428	1.95062
692.907	1.80247
693.389	2.07407
693.871	2.09877
694.35	2.07407
694.832	2.04938
695.312	2.12346
695.793	2
696.273	1.90123
696.755	1.85185
697.236	1.85185
697.716	1.80247
698.197	1.95062
698.677	1.92593
699.158	1.95062
699.637	1.92593
700.119	1.85185
700.598	2.02469
701.08	1.82716
701.559	1.85185
702.04	1.87654
702.519	1.92593
703.001	1.87654
703.48	1.7037
703.961	1.75309
704.44	1.82716
704.921	1.80247
705.4	1.85185
705.881	1.85185
706.361	1.85185
706.842	1.65432
707.321	1.90123
707.8	1.77778
708.281	1.77778
708.759	1.7037
709.24	1.87654
709.719	1.7037
710.2	1.75309
710.679	1.85185
711.158	1.87654
711.638	1.82716
712.117	1.80247
712.596	1.67901
713.077	1.75309
713.555	1.7284
714.036	1.82716
714.515	1.80247
714.993	1.60494
715.474	2
715.952	1.7037
716.431	1.58025
716.911	1.82716
717.39	1.80247
717.868	1.7284
718.347	1.7284
718.827	1.80247
719.305	1.65432
719.784	1.67901
720.264	1.58025
720.742	1.75309
721.221	1.80247
721.699	1.65432
722.179	1.67901
722.657	1.75309
723.135	1.67901
723.614	1.75309
724.094	1.77778
724.572	1.75309
725.05	1.7037
725.528	1.77778
726.008	1.65432
726.486	1.82716
726.964	1.72839
727.442	1.7037
727.92	1.67901
728.398	1.62963
728.878	1.65432
729.355	1.55556
729.833	1.7284
730.311	1.7284
730.789	1.87654
731.266	1.7284
731.746	1.82716
732.224	1.62963
732.702	1.53086
733.179	1.62963
733.657	1.75309
734.134	1.7284
734.612	1.60494
735.089	1.7284
735.567	1.7037
736.046	1.58025
736.524	1.60494
737.001	1.60494
737.479	1.55556
737.956	1.60494
738.434	1.80247
738.911	1.7284
739.388	1.62963
739.865	1.7037
740.343	1.58025
740.82	1.58025
741.297	1.7037
741.774	1.75309
742.251	1.60494
742.729	1.67901
743.206	1.4321
743.683	1.65432
744.16	1.62963
744.637	1.62963
745.114	1.65432
745.591	1.7037
746.068	1.7284
746.545	1.65432
747.022	1.55556
747.499	1.60494
747.975	1.65432
748.452	1.65432
748.929	1.58025
749.404	1.58025
