86.938	0.622222
87.4632	0.755556
87.9905	0.222222
88.5157	0.666667
89.0408	0.666667
89.5681	0.8
90.0931	0.666667
90.6182	0.711111
91.1453	0.8
91.6703	0.888889
92.1953	0.8
92.7223	0.488889
93.2472	0.666667
93.7721	0.488889
94.2991	0.666667
94.8239	0.666667
95.3486	0.488889
95.8734	0.711111
96.4003	0.533333
96.9249	0.622222
97.4496	0.577778
97.9764	0.666667
98.501	0.711111
99.0255	0.666667
99.5501	0.711111
100.077	0.577778
100.601	0.933333
101.126	0.666667
101.65	0.977778
102.174	0.622222
102.701	0.844444
103.225	0.844444
103.75	1.06667
104.274	0.977778
104.798	0.844444
105.324	0.977778
105.849	1.42222
106.373	1.24444
106.897	1.64444
107.421	1.28889
107.947	1.68889
108.471	0.933333
108.995	0.666667
109.519	0.977778
110.043	1.28889
110.567	0.888889
111.091	0.844444
111.617	0.622222
112.141	1.06667
112.665	1.11111
113.188	1.06667
113.712	1.28889
114.236	1.2
114.76	1.15556
115.283	1.24444
115.807	1.37778
116.331	1.55556
116.856	1.11111
117.38	1.15556
117.903	1.46667
118.427	1.42222
118.95	1.42222
119.474	1.2
119.997	1.11111
120.52	1.15556
121.044	1.2
121.567	1.33333
122.09	1.33333
122.614	1.55556
123.137	1.77778
123.66	1.77778
124.183	1.86667
124.706	1.42222
125.229	1.33333
125.752	1.51111
126.275	1.82222
126.798	1.51111
127.321	1.51111
127.844	1.6
128.367	1.73333
128.89	1.68889
129.413	1.64444
129.936	1.64444
130.459	1.91111
130.982	2.13333
131.504	2.08889
132.025	2.04444
132.548	2.04444
133.07	2.22222
133.593	2.04444
134.115	2.44444
134.638	2.35556
135.161	2.22222
135.683	2.13333
136.206	2.53333
136.728	2.35556
137.248	2.66667
137.771	2.97778
138.293	3.28889
138.815	3.64444
139.338	3.73333
139.86	4.04444
140.382	4.13333
140.902	4.08889
141.425	4.17778
141.947	4.26667
142.469	4.44444
142.991	4.75556
143.513	4.8
144.033	5.02222
144.555	5.24444
145.077	5.33333
145.599	5.51111
146.121	6.22222
146.641	6
147.163	6.48889
147.684	6.88889
148.206	7.02222
148.726	7.15556
149.248	7.46667
149.769	7.77778
150.291	8.22222
150.811	8.35556
151.332	8.84444
151.854	9.02222
152.375	9.46667
152.895	9.95556
153.416	9.73333
153.938	10
154.457	10.4
154.979	10.9333
155.5	10.6222
156.019	9.82222
156.541	9.37778
157.062	8.84444
157.581	8.71111
158.102	8.26667
158.624	7.77778
159.143	8.48889
159.664	8.53333
160.185	8.26667
160.704	8.13333
161.225	8.31111
161.746	9.06667
162.265	8.93333
162.786	8.75556
163.307	9.46667
163.826	9.02222
164.347	8.71111
164.866	8.97778
165.386	8.26667
165.907	8.75556
166.426	8.44444
166.947	8.53333
167.465	8.08889
167.986	7.51111
168.505	8.13333
169.025	7.51111
169.544	7.64444
170.064	7.11111
170.585	7.77778
171.103	7.86667
171.624	7.68889
172.142	7.55556
172.663	6.93333
173.181	7.06667
173.701	6.84444
174.22	6.75556
174.74	6.66667
175.258	6.8
175.778	6.71111
176.296	6.84444
176.817	6.35556
177.335	5.86667
177.855	6.26667
178.373	5.77778
178.891	6.17778
179.411	6
179.929	6
180.449	5.91111
180.967	5.6
181.487	6
182.005	6.22222
182.524	5.51111
183.042	5.77778
183.56	5.86667
184.08	6
184.597	5.95556
185.117	6.17778
185.635	6.26667
186.152	6.04445
186.672	6.4
187.189	6.48889
187.707	6.17778
188.227	6
188.744	5.91111
189.264	6.66667
189.781	6.48889
190.298	6.26667
190.818	6.53333
191.335	6.57778
191.852	6.97778
192.372	6.57778
192.889	6.71111
193.406	6.88889
193.923	6.71111
194.442	7.37778
194.959	7.15556
195.476	6.8
195.996	7.6
196.513	7.33333
197.03	7.37778
197.547	7.73333
198.066	7.6
198.582	7.51111
199.099	8
199.616	8.22222
200.135	8.48889
200.652	7.91111
201.169	8.53333
201.685	8.57778
202.204	8.97778
202.721	9.68889
203.237	9.55556
203.754	9.68889
204.271	10.1778
204.789	9.86667
205.306	10.7556
205.822	11.0667
206.339	11.6444
206.855	11.6
207.371	12.3111
207.89	12.5778
208.406	13.1556
208.923	13.3333
209.439	14.0444
209.955	14.6222
210.471	15.5111
210.988	16
211.506	16.5333
212.022	17.2889
212.538	18
213.054	19.0222
213.57	19.9556
214.086	21.4222
214.602	22.0444
215.118	23.3778
215.634	24.5333
216.15	26.1333
216.668	27.2889
217.184	28.5778
217.7	29.1556
218.216	30.1778
218.731	31.0222
219.247	32.7111
219.763	34.1333
220.278	35.3333
220.794	36.7111
221.31	37.6444
221.825	39.2889
222.341	41.0222
222.856	42.3556
223.372	43.9556
223.887	45.3778
224.403	45.4222
224.918	47.9556
225.434	48.0889
225.949	49.4667
226.464	50.1333
226.98	50.9333
227.495	49.6444
228.01	49.9111
228.525	48.5333
229.041	48.2222
229.556	47.8667
230.069	46.5333
230.584	45.5111
231.099	44
231.614	42.6222
232.129	41.6
232.644	40.0889
233.159	38.6667
233.674	37.1556
234.189	36.4889
234.704	35.4222
235.219	34.7111
235.731	33.8667
236.246	34.0444
236.761	33.7333
237.276	34.4889
237.79	35.7778
238.305	35.8667
238.818	34.3111
239.332	29.7778
239.847	24.0444
240.361	19.6
240.876	16.9778
241.391	15.4667
241.903	14.3556
242.417	13.6889
242.932	12.8
243.446	12.5333
243.961	11.4667
244.473	11.1556
244.987	11.0222
245.501	11.6
246.016	10.8
246.528	10.4
247.042	10.5778
247.556	9.77778
248.07	10.1333
248.582	10.3556
249.096	9.77778
249.61	9.91111
250.124	9.77778
250.636	9.73333
251.15	9.77778
251.664	10.0889
252.176	10
252.69	9.82222
253.204	9.68889
253.718	9.77778
254.229	9.86667
254.743	9.73333
255.257	9.91111
255.768	9.82222
256.282	9.6
256.796	9.95555
257.307	9.91111
257.821	9.68889
258.332	10
258.846	9.68889
259.359	9.64445
259.871	9.73333
260.384	9.95555
260.898	9.95555
261.409	10.1778
261.922	10.3556
262.434	10.4
262.947	9.91111
263.46	10.7111
263.971	10.6667
264.485	11.0222
264.996	10.7111
265.509	11.0667
266.02	11.5111
266.533	11.2444
267.044	11.9556
267.557	11.5111
268.07	12.3556
268.581	12.1333
269.094	11.9556
269.605	12.1778
270.118	12.2222
270.629	12.2667
271.141	11.7333
271.652	12.0889
272.165	11.5556
272.676	11.5556
273.188	11.4222
273.699	11.7333
274.212	12.2222
274.722	11.9111
275.233	11.6889
275.745	11.6444
276.256	12.0444
276.769	12.1333
277.279	12.2222
277.791	12.1333
278.302	12.1333
278.814	11.8667
279.325	11.9556
279.835	11.2
280.347	11.4222
280.857	11.3333
281.37	11.2
281.88	11.3333
282.39	11.0222
282.902	11.0222
283.412	10.8444
283.922	10.3556
284.435	10.4
284.945	10.3111
285.455	10.2222
285.967	9.68889
286.477	9.95555
286.988	9.82222
287.498	9.51111
288.008	9.6
288.518	9.33333
289.03	9.46667
289.54	9.24444
290.049	8.88889
290.561	8.84444
291.071	8.8
291.58	8.44444
292.092	8.26667
292.602	8.75556
293.111	7.91111
293.621	8.17778
294.132	8
294.642	7.82222
295.151	7.86667
295.661	7.6
296.172	7.02222
296.682	7.28889
297.191	7.37778
297.7	7.11111
298.209	6.75556
298.721	6.97778
299.23	6.88889
299.739	7.06667
300.248	6.93333
300.758	6.71111
301.269	6.84444
301.778	6.71111
302.287	6.53333
302.796	6.31111
303.305	6.71111
303.814	6.71111
304.325	6.88889
304.834	6.4
305.343	6.8
305.852	6.71111
306.36	6.22222
306.869	6.4
307.378	6.26667
307.889	6.13333
308.397	5.91111
308.906	5.46667
309.415	5.73333
309.923	5.42222
310.432	5.73333
310.941	5.86667
311.449	5.95556
311.958	5.06667
312.466	5.64444
312.975	5.37778
313.483	5.6
313.991	5.37778
314.5	5.24444
315.01	5.2
315.519	5.55556
316.027	5.55556
316.535	5.2
317.043	5.33333
317.552	4.66667
318.06	5.51111
318.568	5.42222
319.076	5.24444
319.584	5.51111
320.092	5.42222
320.6	5.42222
321.106	5.46667
321.614	5.55556
322.122	5.37778
322.63	5.73333
323.138	5.6
323.646	5.64444
324.154	5.77778
324.662	5.33333
325.169	5.37778
325.677	5.28889
326.185	5.6
326.693	5.46667
327.2	5.42222
327.708	5.46667
328.213	5.15556
328.721	5.86667
329.229	5.6
329.736	5.86667
330.244	5.51111
330.751	5.33333
331.259	5.55556
331.766	5.42222
332.271	5.42222
332.779	5.68889
333.286	5.77778
333.793	6.08889
334.301	5.6
334.808	6.17778
335.313	5.73333
335.82	5.91111
336.327	5.68889
336.835	5.95556
337.342	6.17778
337.847	6.48889
338.354	5.91111
338.861	6.04444
339.368	5.91111
339.873	5.28889
340.38	5.95556
340.887	6.04444
341.394	5.86667
341.898	5.6
342.405	5.95556
342.912	5.51111
343.419	6.13333
343.923	5.77778
344.43	5.86667
344.937	6
345.444	5.91111
345.948	5.42222
346.455	5.73333
346.961	5.37778
347.466	5.64444
347.972	5.86667
348.479	6
348.983	5.55556
349.49	5.91111
349.996	5.77778
350.501	5.86667
351.007	6
351.513	5.73333
352.017	6
352.524	5.91111
353.028	5.95556
353.534	6.13333
354.04	5.86667
354.545	6.53333
355.051	5.82222
355.555	6.31111
356.061	6.26667
356.567	6.08889
357.071	6
357.577	6.53333
358.081	6.35556
358.587	6.04444
359.091	6.22222
359.596	6.57778
360.102	6.53333
360.606	6.31111
361.112	6.48889
361.616	6.57778
362.121	6.88889
362.625	6.57778
363.131	6.93333
363.634	6.71111
364.14	6.62222
364.644	7.02222
365.149	7.11111
365.653	7.24444
366.158	6.62222
366.662	6.53333
367.167	6.62222
367.671	6.35556
368.176	5.64444
368.679	5.68889
369.183	5.86667
369.688	5.46667
370.191	5.33333
370.696	5.37778
371.2	5.33333
371.705	5.24444
372.208	5.11111
372.711	5.24444
373.216	4.84444
373.719	5.11111
374.224	5.42222
374.727	4.97778
375.23	5.06667
375.735	4.62222
376.238	5.15556
376.741	5.06667
377.246	4.88889
377.749	4.88889
378.252	5.11111
378.757	4.71111
379.259	5.02222
379.762	4.71111
380.267	4.97778
380.77	5.02222
381.272	5.42222
381.777	5.2
382.279	5.24444
382.782	5.55556
383.287	5.11111
383.789	5.11111
384.292	5.42222
384.794	5.11111
385.299	5.11111
385.801	5.2
386.303	5.37778
386.808	5.28889
387.31	5.02222
387.812	5.11111
388.315	4.8
388.817	5.37778
389.321	5.11111
389.823	4.93333
390.325	4.97778
390.828	5.37778
391.33	4.84444
391.834	5.28889
392.336	5.24444
392.838	5.42222
393.34	5.2
393.842	5.02222
394.346	5.11111
394.848	5.2
395.35	4.93333
395.851	5.02222
396.353	5.2
396.855	5.15556
397.357	5.2
397.861	5.46667
398.362	4.97778
398.864	4.84444
399.366	5.42222
399.867	5.15556
400.369	5.06667
400.87	5.42222
401.372	5.55556
401.873	5.2
402.375	5.42222
402.878	5.37778
403.38	5.15556
403.881	5.33333
404.383	5.55556
404.884	5.33333
405.385	4.97778
405.887	5.11111
406.388	5.46667
406.889	5.68889
407.39	5.64444
407.892	5.33333
408.393	5.42222
408.894	5.6
409.395	5.82222
409.896	5.42222
410.397	5.91111
410.898	5.68889
411.399	5.33333
411.9	5.64444
412.401	6.17778
412.902	5.6
413.403	5.6
413.904	5.82222
414.405	5.6
414.905	5.86667
415.406	5.82222
415.905	5.91111
416.406	5.86667
416.906	6.17778
417.407	6.53333
417.908	6.04444
418.408	6.26667
418.909	6.22222
419.409	6.4
419.91	6.48889
420.41	6.48889
420.909	6.22222
421.409	6.53333
421.91	6.84444
422.41	6.66667
422.91	7.02222
423.411	7.02222
423.909	7.15556
424.409	7.64444
424.91	7.55555
425.41	7.86667
425.91	7.82222
426.41	8.04444
426.908	8.31111
427.408	8.66667
427.909	8.93333
428.409	8.93333
428.909	8.53333
429.407	8.97778
429.907	8.93333
430.407	9.28889
430.907	8.84444
431.404	8.57778
431.904	8.48889
432.404	8.8
432.904	8.22222
433.402	7.77778
433.901	7.82222
434.401	7.73333
434.899	7.28889
435.399	7.37778
435.898	6.88889
436.398	6.66667
436.895	6.62222
437.395	6.66667
437.895	6.53333
438.392	6.53333
438.892	6.35556
439.391	6.66667
439.888	6.93333
440.388	6.84444
440.887	6.75556
441.385	6.84444
441.884	6.97778
442.381	7.06667
442.88	7.55556
443.38	7.46667
443.877	7.11111
444.376	7.6
444.873	7.42222
445.372	7.2
445.871	7.68889
446.368	7.06667
446.868	7.2
447.365	7.33333
447.864	7.2
448.36	7.82222
448.859	7.51111
449.358	7.51111
449.855	7.42222
450.354	8.4
450.851	8.17778
451.35	8.22222
451.846	8.8
452.345	9.2
452.842	8.93333
453.341	9.82222
453.837	9.28889
454.336	9.42222
454.832	9.28889
455.331	8.8
455.828	9.42222
456.326	9.28889
456.823	9.15555
457.321	9.28889
457.818	8.93333
458.314	8.62222
458.812	8.26667
459.309	7.46667
459.807	7.15556
460.303	6.62222
460.802	6.31111
461.298	6.17778
461.794	6.31111
462.292	6
462.788	6.08889
463.287	6.26667
463.783	5.77778
464.279	6.31111
464.777	6.08889
465.273	6.08889
465.769	6.13333
466.267	6.17778
466.763	6.04444
467.259	5.95556
467.757	6.31111
468.253	6.17778
468.748	6
469.246	6.08889
469.742	6.04444
470.238	6.53333
470.736	6.31111
471.231	6.66667
471.727	6.84444
472.225	6.8
472.72	7.6
473.216	7.73333
473.711	8.04444
474.209	8.04444
474.704	8.66667
475.2	8.93333
475.695	9.24444
476.193	9.11111
476.688	8.48889
477.184	7.55556
477.679	6.4
478.176	5.95556
478.672	5.33333
479.167	4.8
479.662	4.66667
480.157	4.08889
480.655	4.26667
481.15	3.82222
481.645	3.95556
482.14	3.73333
482.635	3.95556
483.13	3.73333
483.627	3.68889
484.122	3.6
484.617	3.55556
485.112	3.24444
485.607	3.6
486.102	3.64444
486.597	3.68889
487.092	3.55556
487.588	3.6
488.083	3.64444
488.578	3.6
489.073	3.64444
489.567	3.6
490.062	3.33333
490.557	3.6
491.051	3.77778
491.546	3.46667
492.04	3.42222
492.535	3.42222
493.029	3.42222
493.524	3.55556
494.018	3.37778
494.513	3.46667
495.007	3.73333
495.504	3.55556
495.998	3.46667
496.492	3.37778
496.987	3.37778
497.481	3.28889
497.973	3.28889
498.467	3.46667
498.962	3.42222
499.456	3.24444
499.95	3.33333
500.444	3.42222
500.938	3.46667
501.432	3.51111
501.926	3.02222
502.42	3.24444
502.914	3.24444
503.408	3.33333
503.902	3.37778
504.396	3.37778
504.89	3.46667
505.384	3.6
505.878	3.33333
506.369	3.24444
506.863	3.42222
507.357	3.11111
507.85	3.24444
508.344	3.02222
508.838	3.2
509.331	2.93333
509.823	3.46667
510.317	3.11111
510.81	3.37778
511.304	3.15556
511.797	3.42222
512.291	3.37778
512.782	3.2
513.275	3.15556
513.769	3.28889
514.262	3.02222
514.756	3.2
515.247	3.28889
515.74	2.88889
516.233	2.88889
516.727	2.93333
517.218	3.11111
517.711	3.06667
518.204	3.15556
518.697	2.84444
519.188	3.11111
519.681	3.33333
520.174	3.02222
520.667	3.06667
521.158	2.75556
521.651	3.02222
522.144	2.97778
522.635	3.11111
523.128	2.84444
523.621	2.97778
524.114	2.8
524.605	2.97778
525.097	2.88889
525.59	3.06667
526.081	2.84444
526.574	2.93333
527.066	2.8
527.557	2.75556
528.049	2.8
528.54	2.75556
529.033	2.62222
529.525	2.97778
530.016	2.62222
530.508	2.84444
530.999	2.84444
531.491	2.84444
531.983	2.62222
532.474	3.06667
532.966	3.02222
533.456	2.88889
533.949	2.93333
534.441	2.84444
534.931	2.93333
535.423	3.06667
535.914	2.8
536.406	2.71111
536.896	2.88889
537.388	2.88889
537.878	2.84444
538.37	3.02222
538.86	2.88889
539.352	2.93333
539.842	2.71111
540.334	2.93333
540.824	3.28889
541.316	2.97778
541.806	2.71111
542.298	2.93333
542.787	2.71111
543.279	2.75556
543.769	2.84444
544.259	2.71111
544.75	2.75556
545.24	2.84444
545.732	3.2
546.221	2.84444
546.713	2.93333
547.202	2.8
547.692	3.02222
548.184	2.53333
548.673	3.11111
549.164	2.84444
549.654	2.8
550.143	2.93333
550.635	2.97778
551.124	2.48889
551.613	3.06667
552.105	2.84444
552.594	2.84444
553.083	2.71111
553.574	2.66667
554.064	2.8
554.553	2.88889
555.044	3.06667
555.533	2.93333
556.022	3.11111
556.513	2.88889
557.002	2.66667
557.491	2.66667
557.982	3.24444
558.471	2.62222
558.96	3.02222
559.449	3.06667
559.94	3.11111
560.429	2.84444
560.918	3.06667
561.406	2.88889
561.897	3.02222
562.386	2.97778
562.875	2.88889
563.363	3.02222
563.852	2.93333
564.343	3.11111
564.831	3.11111
565.32	3.02222
565.809	2.84444
566.297	2.8
566.788	3.33333
567.276	2.66667
567.765	3.02222
568.253	3.11111
568.741	3.11111
569.23	2.84444
569.718	2.97778
570.208	2.8
570.697	3.02222
571.185	2.88889
571.673	3.33333
572.161	2.75556
572.65	2.93333
573.138	2.88889
573.626	2.88889
574.114	2.8
574.604	3.06667
575.092	2.93333
575.58	3.02222
576.068	3.11111
576.556	3.06667
577.044	2.84444
577.532	2.84444
578.02	2.84444
578.508	2.8
578.996	2.93333
579.484	2.84444
579.971	3.11111
580.459	2.97778
580.947	3.02222
581.435	2.97778
581.922	2.93333
582.41	2.44444
582.898	3.2
583.385	3.02222
583.873	3.02222
584.361	2.97778
584.848	2.84444
585.336	3.15556
585.823	3.02222
586.311	3.02222
586.798	2.88889
587.285	3.33333
587.771	2.84444
588.258	3.15556
588.745	2.84444
589.233	3.02222
589.72	2.8
590.207	2.66667
590.695	2.84444
591.182	2.97778
591.669	3.02222
592.156	3.02222
592.641	2.57778
593.128	2.8
593.615	2.84444
594.102	2.97778
594.589	2.84444
595.076	2.75556
595.561	3.02222
596.048	2.97778
596.535	3.15556
597.022	3.2
597.509	2.84444
597.994	3.06667
598.481	2.93333
598.967	2.97778
599.454	2.93333
599.941	2.97778
600.425	2.66667
600.912	2.84444
601.399	3.06667
601.885	3.15556
602.37	3.06667
602.857	2.75556
603.343	3.06667
603.83	2.8
604.314	3.06667
