242.052	13.7778
242.569	12.9877
243.083	12.1481
243.599	11.4815
244.114	11.1358
244.63	11.0617
245.147	10.4444
245.661	10.0988
246.177	9.87654
246.691	9.35802
247.208	9.87654
247.722	9.25926
248.238	9.01235
248.754	9.06173
249.268	9.01235
249.785	8.96296
250.299	9.01235
250.815	8.76543
251.329	8.83951
251.845	8.93827
252.359	8.76543
252.874	8.79012
253.388	8.79012
253.904	8.54321
254.418	8.79012
254.934	8.61728
255.448	8.71605
255.961	8.41975
256.477	8.8642
256.991	8.32099
257.506	8.74074
258.02	9.01235
258.536	8.79012
259.049	8.76543
259.565	8.41975
260.078	8.69136
260.592	8.74074
261.107	9.08642
261.621	8.79012
262.136	8.98765
262.649	9.06173
263.163	9.08642
263.678	9.38272
264.191	9.65432
264.707	9.77778
265.22	9.30864
265.733	10.0494
266.248	10.1235
266.761	10.3457
267.274	10.3457
267.79	10.5432
268.303	10.7161
268.816	10.9136
269.331	10.9877
269.844	11.2099
270.356	11.2593
270.871	10.9383
271.384	10.6667
271.897	10.4198
272.412	10.4691
272.925	10.4691
273.438	10.4444
273.95	10.1728
274.465	10.4691
274.978	10.3951
275.49	10.5185
276.005	10.5679
276.517	10.6173
277.03	10.716
277.543	11.0123
278.057	10.8889
278.57	10.963
279.082	11.1358
279.594	10.4691
280.107	10.7901
280.621	10.0247
281.133	9.97531
281.646	10.1728
282.158	9.82716
282.67	10.1975
283.184	9.55555
283.697	9.48148
284.209	9.62963
284.721	9.55556
285.233	9.08642
285.745	8.88889
286.259	8.83951
286.771	8.74074
287.283	8.39506
287.795	8.46914
288.307	8.39506
288.819	8.46914
289.331	8.24691
289.845	8.12346
290.356	8.14815
290.868	8.07407
291.38	7.97531
291.892	7.80247
292.403	7.55556
292.915	7.35802
293.427	7.23457
293.938	7.23457
294.45	6.8642
294.963	6.83951
295.475	6.64198
295.986	6.59259
296.498	6.5679
297.009	6.27161
297.521	6.32099
298.032	6.27161
298.543	6.19753
299.055	5.65432
299.566	6
300.077	5.67901
300.589	6.04938
301.1	5.97531
301.611	5.75309
302.122	6
302.633	6.07407
303.144	5.75309
303.655	5.77778
304.166	5.92593
304.677	5.67901
305.188	5.55556
305.699	5.58025
306.21	5.80247
306.721	5.65432
307.232	5.65432
307.743	5.45679
308.251	5.11111
308.762	4.93827
309.273	4.59259
309.784	5.06173
310.294	4.64198
310.805	4.69136
311.316	4.61728
311.826	4.76543
312.337	4.8642
312.848	4.74074
313.356	4.5679
313.866	4.81482
314.377	4.69136
314.887	4.96296
315.398	4.54321
315.908	4.44444
316.419	4.66667
316.927	4.64198
317.437	4.54321
317.947	4.74074
318.458	4.71605
318.968	4.64198
319.478	4.98765
319.986	4.46914
320.496	4.5679
321.006	4.69136
321.516	4.61728
322.026	4.76543
322.534	4.66667
323.044	4.79012
323.554	4.66667
324.064	4.93827
324.572	4.88889
325.082	4.81482
325.592	4.5679
326.102	4.81481
326.609	4.44444
327.119	4.5679
327.629	4.79012
328.139	4.66667
328.646	4.96296
329.156	4.81481
329.665	4.79012
330.175	4.81481
330.682	4.88889
331.192	4.79012
331.702	4.88889
332.209	4.91358
332.718	4.98765
333.228	5.03704
333.735	4.88889
334.245	5.06173
334.754	5.18518
335.261	5.06173
335.77	5.08642
336.28	5.1358
336.787	5.25926
337.296	5.35803
337.803	5.20988
338.312	5.30864
338.821	5.16049
339.328	5.08642
339.837	5.25926
340.344	5.20988
340.853	5.23457
341.362	4.93827
341.869	5.03704
342.378	5.30864
342.885	5.08642
343.394	5.11111
343.903	5.06173
344.409	4.93827
344.918	5.28395
345.425	5.1358
345.934	5.08642
346.44	5.06173
346.949	5.03704
347.456	4.98765
347.964	4.98765
348.471	5.28395
348.979	5.18518
349.486	5.1358
349.994	5.03704
350.501	5.08642
351.009	5.1358
351.515	5.08642
352.024	5.45679
352.53	4.93827
353.038	5.35802
353.545	5.06173
354.053	5.40741
354.559	5.33333
355.067	5.23457
355.573	5.60494
356.079	5.4321
356.588	5.53086
357.094	5.65432
357.602	5.40741
358.108	5.58025
358.616	5.58025
359.122	5.80247
359.628	5.58025
360.135	5.4321
360.641	5.62963
361.147	6.09876
361.655	5.75309
362.161	5.85185
362.669	5.80247
363.174	5.80247
363.68	6.02469
364.188	5.7037
364.693	6.22222
365.199	5.77778
365.707	6.09877
366.212	5.87654
366.718	5.95062
367.225	5.67901
367.731	5.28395
368.236	5.1358
368.743	5.08642
369.249	4.8642
369.754	4.91358
370.26	4.39506
370.767	4.66667
371.272	4.49383
371.777	4.64198
372.283	4.14815
372.79	4.19753
373.295	4.2963
373.8	4.17284
374.305	4.22222
374.812	4.44444
375.317	4.22222
375.822	4.2963
376.327	4.37037
376.834	4.41975
377.339	4.19753
377.844	4.19753
378.349	4.22222
378.854	4.14815
379.361	4.34568
379.866	4.51852
380.37	4.34568
380.875	4.41975
381.38	4.61728
381.884	4.41975
382.391	4.41975
382.896	4.64198
383.4	4.27161
383.905	4.71605
384.409	4.39506
384.914	4.44444
385.418	4.5679
385.925	4.46914
386.429	4.37037
386.934	4.61728
387.438	4.54321
387.943	4.54321
388.447	4.37037
388.951	4.44444
389.455	4.34568
389.96	4.49383
390.464	4.41975
390.968	4.37037
391.472	4.44444
391.978	4.39506
392.482	4.2963
392.987	4.14815
393.491	4.61728
393.995	4.51852
394.499	4.39506
395.003	4.64198
395.506	4.66667
396.01	4.32099
396.514	4.81482
397.018	4.74074
397.522	4.83951
398.026	4.69136
398.529	4.59259
399.033	4.61728
399.537	4.64198
400.041	4.74074
400.544	4.61728
401.048	4.71605
401.549	4.64197
402.053	4.69136
402.557	4.51852
403.06	4.74074
403.564	4.76543
404.067	4.83951
404.57	4.69136
405.074	4.69136
405.577	4.81482
406.081	4.8642
406.584	4.71605
407.087	4.5679
407.588	5.11111
408.092	4.79012
408.595	4.96296
409.098	4.83951
409.601	4.83951
410.104	4.88889
410.607	4.96296
411.111	5.18518
411.612	4.8642
412.115	5.03704
412.618	4.96296
413.12	5.1358
413.623	5.06173
414.124	4.69136
414.627	5.30864
415.13	5.16049
415.633	5.18518
416.136	5.28395
416.636	5.06173
417.139	5.60494
417.642	5.40741
418.145	5.45679
418.647	5.65432
419.148	5.58025
419.65	5.7284
420.153	5.77778
420.656	5.90123
421.156	6.07407
421.658	5.92593
422.161	6.02469
422.663	6
423.164	6.46914
423.666	6.24691
424.168	6.5679
424.669	6.59259
425.171	6.76543
425.673	7.06173
426.174	7.30864
426.676	7.53086
427.178	7.48148
427.678	8.09877
428.18	8.17284
428.682	8.24691
429.182	8.41975
429.684	8.46914
430.186	8.76543
430.686	8.79012
431.188	8.69136
431.69	8.59259
432.19	8.22222
432.692	8.2963
433.192	8.04938
433.694	7.60494
434.196	7.53086
434.695	7.28395
435.197	6.98765
435.697	6.71605
436.198	6.49383
436.7	6.37037
437.2	6.22222
437.701	6.07407
438.201	6.17284
438.702	6.19753
439.202	6.2963
439.703	6.04938
440.203	6
440.704	6.04938
441.204	6.22222
441.705	6.17284
442.204	6.46914
442.706	6.41975
443.205	6.51852
443.706	6.81482
444.206	6.69136
444.707	6.76543
445.206	6.91358
445.707	6.64197
446.206	6.79012
446.707	6.66667
447.206	6.64198
447.707	6.66667
448.206	7.08642
448.707	7.01235
449.206	7.16049
449.705	7.18518
450.206	7.38272
450.705	8.07407
451.206	8.12346
451.705	8.22222
452.204	8.37037
452.704	8.76543
453.203	8.69136
453.704	9.11111
454.203	8.96296
454.701	9.03704
455.202	9.38272
455.7	9.1358
456.199	9.08642
456.7	9.40741
457.198	9.03704
457.699	9.11111
458.197	9.20988
458.695	8.49383
459.196	8.12346
459.694	7.40741
460.193	7.01235
460.691	6.12346
461.191	6.09877
461.69	5.65432
462.188	5.62963
462.688	5.77778
463.186	5.48148
463.684	5.7037
464.182	5.50617
464.683	5.67901
465.181	5.75309
465.679	5.62963
466.177	5.45679
466.677	5.65432
467.175	5.80247
467.673	5.97531
468.171	5.62963
468.671	5.77778
469.168	5.67901
469.666	5.87654
470.164	5.80247
470.662	5.77778
471.162	5.7037
471.659	6.12346
472.157	6.04938
472.655	6.19753
473.152	6.61728
473.652	6.32099
474.15	6.76543
474.647	7.25926
475.145	7.62963
475.642	8.04938
476.14	8.66667
476.637	9.48148
477.134	9.25926
477.634	8.46914
478.131	6.93827
478.629	5.82716
479.126	4.93827
479.623	4.49383
480.12	4.2963
480.618	3.72839
481.115	4
481.612	3.7037
482.109	3.50617
482.608	3.45679
483.105	3.50617
483.603	3.28395
484.1	3.45679
484.597	3.55556
485.094	3.75309
485.591	3.40741
486.087	3.4321
486.584	3.4321
487.081	3.4321
487.578	3.25926
488.075	3.38272
488.572	3.33333
489.069	3.35802
489.565	3.28395
490.062	3.30864
490.559	3.45679
491.055	3.20988
491.552	3.16049
492.049	3.08642
492.545	3.30864
493.042	3.50617
493.538	3.16049
494.033	2.96296
494.529	3.23457
495.026	3.33333
495.522	3.48148
496.018	3.38272
496.515	3.33333
497.011	3.35802
497.508	3.16049
498.004	3.40741
498.5	3.08642
498.996	3.1358
499.49	3.23457
499.987	3.1358
500.483	3.28395
500.979	3.18519
501.475	3.30864
501.971	3.23457
502.467	3.18519
502.961	3.11111
503.457	3.33333
503.953	3.03704
504.449	3.30864
504.945	3.40741
505.439	3.20988
505.935	3.1358
506.43	2.88889
506.926	3.06173
507.422	3.1358
507.916	2.98765
508.411	3.1358
508.907	3.18519
509.403	3.11111
509.898	3.18519
510.392	3.16049
510.888	3.1358
511.383	3.20988
511.877	3.30864
512.372	2.8642
512.868	2.81482
513.363	3.18519
513.857	3.03704
514.352	3.01235
514.847	2.96296
515.341	2.91358
515.836	2.91358
516.331	2.96296
516.826	3.08642
517.32	3.06173
517.815	3.01235
518.31	2.96296
518.803	2.91358
519.298	2.96296
519.793	2.98765
520.286	2.93827
520.782	3.01235
521.275	2.91358
521.77	3.03704
522.265	2.88889
522.757	2.64198
523.252	3.1358
523.745	2.83951
524.24	3.01235
524.735	2.66667
525.228	2.98765
525.722	2.71605
526.215	3.01235
526.71	2.81482
527.205	2.8642
527.697	2.5679
528.192	2.8642
528.685	2.64198
529.179	2.81482
529.672	2.76543
530.166	2.71605
530.659	2.83951
531.153	2.83951
531.646	2.81482
532.14	2.69136
532.632	2.79012
533.127	2.71605
533.619	2.79012
534.113	2.88889
534.606	2.79012
535.1	2.69136
535.592	2.71605
536.086	2.83951
536.579	2.79012
537.073	2.96296
537.565	2.71605
538.059	2.91358
538.551	2.71605
539.043	2.76543
539.537	2.59259
540.029	2.83951
540.523	2.88889
541.015	2.79012
541.507	2.79012
542.001	2.71605
542.493	2.66667
542.987	2.83951
543.478	2.98765
543.97	2.88889
544.464	2.81482
544.956	2.74074
545.447	2.83951
545.941	2.79012
546.433	2.81481
546.924	2.83951
547.418	2.76543
547.909	2.71605
548.401	2.79012
548.894	2.83951
549.386	2.76543
549.877	2.74074
550.371	2.81481
550.862	2.76543
551.354	2.64198
551.847	2.83951
552.338	2.76543
552.829	2.79012
553.321	2.69136
553.814	2.88889
554.305	2.96296
554.796	2.79012
555.288	2.98765
555.781	2.74074
556.272	2.88889
556.763	2.91358
557.254	2.64198
557.747	2.76543
558.238	2.8642
558.729	2.71605
559.22	2.74074
559.711	2.88889
560.202	2.74074
560.695	2.98765
561.185	2.5679
561.676	2.8642
562.167	2.76543
562.658	2.66667
563.148	2.88889
563.641	2.64198
564.132	2.74074
564.623	2.81481
565.113	2.88889
565.604	2.98765
566.094	2.93827
566.585	2.74074
567.077	2.64198
567.568	3.01235
568.058	2.76543
568.549	2.69136
569.039	2.88889
569.53	2.96296
570.02	2.76543
570.51	2.8642
571.001	2.59259
571.491	2.81481
571.981	2.79012
572.471	2.79012
572.962	2.83951
573.452	2.91358
573.942	2.71605
574.432	2.91358
574.922	2.69136
575.412	2.83951
575.902	2.88889
576.392	2.93827
576.882	2.79012
577.372	2.91358
577.862	2.49383
578.352	2.64198
578.842	2.69136
579.332	2.69136
579.822	2.74074
580.312	2.79012
580.801	2.81481
581.291	2.79012
581.781	2.96296
582.27	2.83951
582.76	2.96296
583.25	2.79012
583.739	3.01235
584.229	2.91358
584.719	2.74074
585.206	2.76543
585.696	2.54321
586.185	2.8642
586.675	2.8642
587.164	2.88889
587.653	2.64198
588.143	2.64198
588.632	2.66667
589.12	2.71605
589.609	2.71605
590.098	2.76543
590.587	2.76543
591.077	2.81481
591.566	2.83951
592.053	2.64198
592.542	2.61728
593.031	2.5679
593.52	2.83951
594.009	2.76543
594.496	2.71605
594.985	2.74074
595.474	2.88889
595.963	2.54321
596.452	2.59259
596.939	2.5679
597.428	2.66667
597.917	2.69136
598.406	2.81481
598.893	2.71605
599.381	2.76543
599.87	2.8642
600.357	2.81481
600.846	2.61728
601.334	2.59259
601.823	2.54321
602.309	2.44444
602.798	2.66667
603.287	2.59259
603.773	2.64198
604.262	2.71605
604.75	2.64198
605.237	2.64198
605.725	2.51852
606.214	2.51852
606.7	2.81482
607.188	2.79012
607.677	2.71605
608.163	2.54321
608.651	2.46914
609.137	2.44444
609.626	2.71605
610.114	2.61728
610.6	2.46914
611.088	2.54321
611.574	2.37037
612.062	2.69136
612.55	2.49383
613.036	2.51852
613.524	2.5679
614.01	2.5679
614.498	2.61728
614.984	2.24691
615.472	2.39506
615.958	2.32099
616.446	2.27161
616.934	2.37037
617.42	2.44444
617.907	2.49383
618.393	2.64198
618.881	2.44444
619.367	2.66667
619.854	2.32099
620.34	2.64198
620.828	2.66667
621.313	2.46914
621.799	2.46914
622.286	2.71605
622.772	2.24691
623.259	2.37037
623.745	2.5679
624.232	2.37037
624.718	2.39506
625.205	2.37037
625.69	2.34568
626.176	2.39506
626.663	2.51852
627.148	2.44444
627.635	2.51852
628.121	2.39506
628.606	2.61728
629.093	2.34568
629.578	2.46914
630.065	2.51852
630.551	2.2963
631.036	2.41975
631.523	2.24691
632.008	2.5679
632.493	2.34568
632.98	2.51852
633.465	2.51852
633.949	2.44444
634.436	2.24691
634.921	2.39506
635.406	2.51852
635.893	2.64198
636.378	2.2963
636.862	2.19753
637.347	2.54321
637.834	2.32099
638.319	2.32099
638.803	2.44444
639.288	2.44444
639.774	2.41975
640.259	2.2716
640.744	2.27161
641.228	2.44444
641.715	2.41975
642.199	2.34568
642.684	2.41975
643.168	2.32099
643.654	2.61728
644.139	2.54321
644.623	2.32099
645.107	2.12346
645.592	2.46914
646.078	2.34568
646.562	2.24691
647.046	2.59259
647.531	2.39506
648.015	2.46914
648.499	2.32099
648.983	2.24691
649.469	2.2963
649.953	2.37037
650.437	2.49383
650.921	2.49383
651.405	2.44444
651.889	2.34568
652.373	2.34568
652.857	2.34568
653.343	2.37037
653.827	2.49383
654.311	2.39506
654.794	2.41975
655.278	2.46914
655.762	2.41975
656.246	2.41975
656.729	2.32099
657.213	2.49383
657.697	2.2963
658.18	2.32099
658.664	2.32099
659.147	2.32099
659.631	2.2963
660.115	2.22222
660.598	2.41975
661.081	2.49383
661.565	2.27161
662.048	2.37037
662.532	2.41975
663.015	2.37037
663.498	2.22222
663.982	2.34568
664.465	2.37037
664.948	2.41975
665.432	2.44444
665.915	2.34568
666.398	2.39506
666.881	2.24691
667.364	2.37037
667.847	2.24691
668.33	2.34568
668.811	2.34568
669.294	2.34568
669.777	2.34568
670.26	2.34568
670.743	2.27161
671.226	2.37037
671.709	2.32099
672.192	2.27161
672.673	2.09877
673.156	2.17284
673.639	2.17284
674.121	2.17284
674.604	2.09877
675.087	2.2716
675.567	2.09877
676.05	2.14815
676.533	2.07407
677.015	2.09877
677.498	2.24691
677.981	2.14815
678.461	2.14815
678.944	2.14815
679.426	2.14815
679.909	2.2963
680.389	2.04938
680.871	2.09877
681.354	2.07407
681.836	2.19753
682.316	2.17284
682.799	2.27161
683.281	2.14815
683.763	2.07407
684.244	2.09877
684.726	2.19753
685.208	2.04938
685.688	2.12346
686.17	2.04938
686.652	2
687.134	2.12346
687.614	1.97531
688.096	2.02469
688.578	2.02469
689.058	1.87654
689.54	2.12346
690.022	2
690.502	2.07407
690.984	1.87654
691.464	2.02469
691.946	2.09877
692.428	1.90123
692.907	2.07407
693.389	1.97531
693.871	2.04938
694.35	1.80247
694.832	2.07407
695.312	2.09877
695.793	1.82716
696.273	1.90123
696.755	1.92593
697.236	1.97531
697.716	2.02469
698.197	2
698.677	1.87654
699.158	2
699.637	1.85185
700.119	1.90123
700.598	1.92593
701.08	1.92593
701.559	1.77778
702.04	1.90123
702.519	1.75309
703.001	1.90123
703.48	1.87654
703.961	1.87654
704.44	1.90123
704.921	1.90123
705.4	1.90123
705.881	2.02469
706.361	2.04938
706.842	1.85185
707.321	1.90123
707.8	1.82716
708.281	1.67901
708.759	1.77778
709.24	1.82716
709.719	1.60494
710.2	1.82716
710.679	1.92593
711.158	1.87654
711.638	1.7037
712.117	1.92593
712.596	1.7037
713.077	1.85185
713.555	1.62963
714.036	1.7284
714.515	1.60494
714.993	1.75309
715.474	1.95062
715.952	1.82716
716.431	1.85185
716.911	1.53086
717.39	1.75309
717.868	1.80247
718.347	1.7037
718.827	1.80247
719.305	1.75309
719.784	1.65432
720.264	1.82716
720.742	1.65432
721.221	1.82716
721.699	1.87654
722.179	1.90123
722.657	1.75309
723.135	1.80247
723.614	1.67901
724.094	1.62963
724.572	1.67901
725.05	1.75309
725.528	1.60494
726.008	1.67901
726.486	1.53086
726.964	1.65432
727.442	1.85185
727.92	1.65432
728.398	1.77778
728.878	1.65432
729.355	1.62963
729.833	1.77778
730.311	1.67901
730.789	1.65432
731.266	1.7284
731.746	1.65432
732.224	1.7037
732.702	1.55556
733.179	1.85185
733.657	1.7037
734.134	1.62963
734.612	1.65432
735.089	1.60494
735.567	1.75309
736.046	1.65432
736.524	1.80247
737.001	1.65432
737.479	1.7037
737.956	1.65432
738.434	1.67901
738.911	1.72839
739.388	1.45679
739.865	1.77778
740.343	1.55556
740.82	1.80247
741.297	1.7037
741.774	1.55556
742.251	1.60494
742.729	1.67901
743.206	1.58025
743.683	1.75309
744.16	1.7037
744.637	1.7284
745.114	1.40741
745.591	1.67901
746.068	1.50617
746.545	1.62963
747.022	1.55556
747.499	1.7284
747.975	1.55556
748.452	1.75309
748.929	1.62963
749.404	1.60494
