86.938	0.266667
87.4632	0.355556
87.9905	0.622222
88.5157	0.711111
89.0408	0.711111
89.5681	0.488889
90.0931	0.666667
90.6182	0.488889
91.1453	0.488889
91.6703	0.311111
92.1953	0.577778
92.7223	0.755556
93.2472	0.444444
93.7721	0.577778
94.2991	0.711111
94.8239	0.577778
95.3486	0.488889
95.8734	0.711111
96.4003	0.355556
96.9249	0.444444
97.4496	0.444444
97.9764	0.266667
98.501	0.488889
99.0255	0.844444
99.5501	0.533333
100.077	0.577778
100.601	0.666667
101.126	0.711111
101.65	0.711111
102.174	0.844444
102.701	0.577778
103.225	0.4
103.75	0.711111
104.274	0.444444
104.798	0.666667
105.324	0.888889
105.849	0.755556
106.373	0.711111
106.897	0.933333
107.421	0.755556
107.947	0.8
108.471	0.666667
108.995	0.844444
109.519	0.711111
110.043	0.8
110.567	0.711111
111.091	0.755556
111.617	0.8
112.141	0.533333
112.665	0.844444
113.188	0.666667
113.712	0.888889
114.236	0.622222
114.76	0.755556
115.283	0.8
115.807	0.8
116.331	0.933333
116.856	0.755556
117.38	0.888889
117.903	0.933333
118.427	0.666667
118.95	0.755556
119.474	0.933333
119.997	0.711111
120.52	0.844444
121.044	0.844444
121.567	0.711111
122.09	0.666667
122.614	0.977778
123.137	1.11111
123.66	0.888889
124.183	1.11111
124.706	0.711111
125.229	0.711111
125.752	0.666667
126.275	0.933333
126.798	0.933333
127.321	0.755556
127.844	0.888889
128.367	0.755556
128.89	0.533333
129.413	0.933333
129.936	0.933333
130.459	0.8
130.982	0.888889
131.504	0.844444
132.025	1.06667
132.548	0.933333
133.07	1.2
133.593	1.11111
134.115	0.977778
134.638	1.11111
135.161	1.33333
135.683	0.755556
136.206	1.28889
136.728	1.28889
137.248	1.11111
137.771	1.2
138.293	1.6
138.815	1.6
139.338	1.64444
139.86	1.73333
140.382	1.55556
140.902	1.77778
141.425	1.68889
141.947	1.91111
142.469	1.73333
142.991	1.55556
143.513	1.86667
144.033	1.68889
144.555	1.95556
145.077	2.04444
145.599	2.04444
146.121	2.13333
146.641	2.22222
147.163	2.44444
147.684	2.66667
148.206	2.44444
148.726	2.35556
149.248	2.66667
149.769	2.62222
150.291	2.66667
150.811	2.84444
151.332	3.2
151.854	3.02222
152.375	3.06667
152.895	3.37778
153.416	3.2
153.938	3.37778
154.457	3.82222
154.979	3.6
155.5	3.6
156.019	3.73333
156.541	3.6
157.062	3.15556
157.581	2.75556
158.102	2.71111
158.624	2.97778
159.143	3.06667
159.664	2.84444
160.185	3.02222
160.704	2.75556
161.225	3.02222
161.746	2.84444
162.265	3.24444
162.786	3.02222
163.307	3.24444
163.826	3.2
164.347	2.93333
164.866	2.8
165.386	3.11111
165.907	2.84444
166.426	3.06667
166.947	3.02222
167.465	2.88889
167.986	2.97778
168.505	2.62222
169.025	2.84444
169.544	2.53333
170.064	2.93333
170.585	2.84444
171.103	2.71111
171.624	2.93333
172.142	2.44444
172.663	2.62222
173.181	2.44444
173.701	2.57778
174.22	2.62222
174.74	2.75556
175.258	2.44444
175.778	2.22222
176.296	2.4
176.817	2.31111
177.335	2.08889
177.855	2.35556
178.373	2.17778
178.891	2.44444
179.411	2.08889
179.929	2.08889
180.449	2.13333
180.967	2.08889
181.487	2.13333
182.005	1.86667
182.524	2
183.042	2.17778
183.56	2
184.08	2
184.597	1.95556
185.117	2.08889
185.635	2.26667
186.152	2.04444
186.672	2.13333
187.189	2.35556
187.707	2.13333
188.227	2.26667
188.744	2.13333
189.264	2.31111
189.781	2.26667
190.298	2.4
190.818	2
191.335	2.04444
191.852	2.13333
192.372	2.22222
192.889	2.13333
193.406	2.26667
193.923	2.44444
194.442	2.62222
194.959	2.4
195.476	2.4
195.996	2.26667
196.513	2.57778
197.03	2.62222
197.547	2.48889
198.066	2.8
198.582	2.4
199.099	2.53333
199.616	2.35556
200.135	2.75556
200.652	2.8
201.169	2.66667
201.685	2.88889
202.204	2.97778
202.721	3.06667
203.237	2.84444
203.754	2.88889
204.271	2.97778
204.789	3.11111
205.306	3.02222
205.822	3.02222
206.339	3.37778
206.855	3.42222
207.371	3.55556
207.89	3.51111
208.406	3.82222
208.923	3.91111
209.439	4.08889
209.955	4.31111
210.471	4.26667
210.988	4.57778
211.506	4.44444
212.022	4.75556
212.538	4.84444
213.054	4.97778
213.57	5.33333
214.086	5.77778
214.602	5.55556
215.118	5.95556
215.634	6.44444
216.15	6.31111
216.668	6.8
217.184	7.2
217.7	7.2
218.216	7.82222
218.731	7.95555
219.247	7.64444
219.763	7.77778
220.278	8.66667
220.794	8.31111
221.31	8.84445
221.825	8.97778
222.341	9.77778
222.856	9.6
223.372	10.0889
223.887	10.4444
224.403	10.9333
224.918	11.5556
225.434	11.9111
225.949	12.7556
226.464	13.1556
226.98	14.0889
227.495	13.8222
228.01	14.2222
228.525	14.9333
229.041	15.6889
229.556	16.4444
230.069	16.2667
230.584	16.2222
231.099	16.7111
231.614	16.9333
232.129	16.2667
232.644	16.7556
233.159	16.9333
233.674	16.4889
234.189	16.8444
234.704	16.8
235.219	16.5333
235.731	16.2222
236.246	16.4889
236.761	17.2889
237.276	17.3333
237.79	18.0444
238.305	18.9333
238.818	20.0444
239.332	20.0889
239.847	16.8
240.361	13.5111
240.876	11.7333
241.391	9.82222
241.903	8.08889
242.417	7.64444
242.932	7.37778
243.446	6.66667
243.961	6.35556
244.473	5.68889
244.987	5.55556
245.501	5.24444
246.016	5.42222
246.528	4.93333
247.042	4.84444
247.556	4.4
248.07	4.48889
248.582	4.17778
249.096	4.66667
249.61	4.17778
250.124	4.08889
250.636	4.53333
251.15	4.31111
251.664	4.31111
252.176	4.66667
252.69	4.31111
253.204	3.95556
253.718	4.17778
254.229	4.22222
254.743	3.77778
255.257	3.86667
255.768	4.4
256.282	3.64444
256.796	3.77778
257.307	4
257.821	4.31111
258.332	4
258.846	3.95556
259.359	4.08889
259.871	3.82222
260.384	4.17778
260.898	4.17778
261.409	4.04444
261.922	4.13333
262.434	3.95556
262.947	4.08889
263.46	4
263.971	4.04444
264.485	4
264.996	4.31111
265.509	4.26667
266.02	4.35556
266.533	4.13333
267.044	4.31111
267.557	4.4
268.07	4.53333
268.581	4.48889
269.094	4.4
269.605	4.62222
270.118	4.62222
270.629	4.84444
271.141	4.66667
271.652	5.06667
272.165	4.53333
272.676	4.75556
273.188	4.57778
273.699	4.48889
274.212	4.57778
274.722	4.57778
275.233	4.57778
275.745	4.4
276.256	4.57778
276.769	4.48889
277.279	4.75556
277.791	4.62222
278.302	4.44444
278.814	4.53333
279.325	4.44444
279.835	4.8
280.347	4.44444
280.857	4.44444
281.37	4.44444
281.88	4.08889
282.39	4
282.902	4.13333
283.412	4.22222
283.922	4.17778
284.435	4.22222
284.945	4.53333
285.455	4.31111
285.967	3.86667
286.477	3.77778
286.988	4.08889
287.498	3.64444
288.008	3.77778
288.518	3.86667
289.03	3.55556
289.54	3.33333
290.049	3.37778
290.561	3.73333
291.071	3.37778
291.58	3.42222
292.092	3.77778
292.602	3.55556
293.111	3.6
293.621	3.42222
294.132	3.46667
294.642	2.97778
295.151	2.93333
295.661	2.75556
296.172	3.42222
296.682	2.8
297.191	3.2
297.7	2.66667
298.209	2.75556
298.721	2.66667
299.23	2.66667
299.739	2.75556
300.248	2.93333
300.758	2.8
301.269	2.88889
301.778	2.93333
302.287	2.57778
302.796	2.71111
303.305	2.62222
303.814	2.71111
304.325	2.66667
304.834	2.66667
305.343	2.71111
305.852	2.44444
306.36	2.8
306.869	2.84444
307.378	2.31111
307.889	2.66667
308.397	2.31111
308.906	2.4
309.415	2.4
309.923	2.31111
310.432	2.53333
310.941	2.22222
311.449	2.08889
311.958	2.44444
312.466	1.86667
312.975	2.26667
313.483	2.57778
313.991	2.13333
314.5	2.31111
315.01	2.13333
315.519	2
316.027	2.26667
316.535	2.17778
317.043	2.62222
317.552	2.53333
318.06	2.26667
318.568	1.95556
319.076	2.26667
319.584	2.26667
320.092	2.48889
320.6	2.22222
321.106	2.22222
321.614	2.26667
322.122	2.31111
322.63	2.31111
323.138	2.4
323.646	2.53333
324.154	2.26667
324.662	2.31111
325.169	2.48889
325.677	2.17778
326.185	2.35556
326.693	2.57778
327.2	2.22222
327.708	2.8
328.213	2.31111
328.721	2.26667
329.229	2.22222
329.736	2.4
330.244	2.22222
330.751	2.71111
331.259	2.48889
331.766	2.4
332.271	2.31111
332.779	2.62222
333.286	2.62222
333.793	2.31111
334.301	2.62222
334.808	2.48889
335.313	2.08889
335.82	2.44444
336.327	2.4
336.835	2.53333
337.342	2.4
337.847	2.71111
338.354	2.62222
338.861	2.22222
339.368	2.48889
339.873	2.31111
340.38	2.44444
340.887	2.75556
341.394	2.62222
341.898	2.57778
342.405	2.48889
342.912	2.53333
343.419	2.35556
343.923	2.4
344.43	2.17778
344.937	2.35556
345.444	2.44444
345.948	2.53333
346.455	2.31111
346.961	2.57778
347.466	2.66667
347.972	2.57778
348.479	2.4
348.983	2.75556
349.49	2.4
349.996	2.4
350.501	2.48889
351.007	2.62222
351.513	2.62222
352.017	2.53333
352.524	2.66667
353.028	2.35556
353.534	2.4
354.04	2.48889
354.545	2.44444
355.051	2.62222
355.555	2.22222
356.061	2.62222
356.567	2.62222
357.071	2.66667
357.577	2.75556
358.081	2.4
358.587	2.75556
359.091	2.66667
359.596	2.53333
360.102	2.66667
360.606	2.44444
361.112	2.66667
361.616	2.66667
362.121	2.66667
362.625	2.66667
363.131	2.88889
363.634	2.62222
364.14	2.84444
364.644	2.53333
365.149	2.97778
365.653	2.88889
366.158	2.71111
366.662	2.8
367.167	2.53333
367.671	2.44444
368.176	2.44444
368.679	2.4
369.183	2.53333
369.688	2.53333
370.191	2.26667
370.696	2.4
371.2	2.17778
371.705	2.31111
372.208	2.13333
372.711	2.4
373.216	1.91111
373.719	2.04444
374.224	2.31111
374.727	2.44444
375.23	2.22222
375.735	2.17778
376.238	2.04444
376.741	2.04444
377.246	2.26667
377.749	2
378.252	2.31111
378.757	1.95556
379.259	2.35556
379.762	2.04444
380.267	2.31111
380.77	1.95556
381.272	2.4
381.777	2.17778
382.279	2.4
382.782	2.04444
383.287	2.17778
383.789	2.13333
384.292	2.08889
384.794	2.17778
385.299	2.08889
385.801	2.22222
386.303	2.13333
386.808	2.04444
387.31	2.31111
387.812	2.26667
388.315	2.17778
388.817	2.4
389.321	2.17778
389.823	2.22222
390.325	2
390.828	2.35556
391.33	2.35556
391.834	2.4
392.336	2.17778
392.838	2.35556
393.34	2.44444
393.842	2.26667
394.346	2.13333
394.848	2.44444
395.35	2.26667
395.851	2.17778
396.353	2.26667
396.855	2.4
397.357	2.26667
397.861	2.08889
398.362	2.31111
398.864	2.08889
399.366	2.17778
399.867	2.31111
400.369	2.22222
400.87	2.48889
401.372	2.31111
401.873	2.17778
402.375	2.04444
402.878	2.22222
403.38	2.31111
403.881	2.13333
404.383	2.31111
404.884	2.08889
405.385	2.4
405.887	2.17778
406.388	2.04444
406.889	2.31111
407.39	2.08889
407.892	2.53333
408.393	2.66667
408.894	2.31111
409.395	2.26667
409.896	2.48889
410.397	2.44444
410.898	2.35556
411.399	2.53333
411.9	2.44444
412.401	2.26667
412.902	2.13333
413.403	2.48889
413.904	2.44444
414.405	2.22222
414.905	2.44444
415.406	2.44444
415.905	2.31111
416.406	2.71111
416.906	2.4
417.407	2.57778
417.908	2.48889
418.408	2.44444
418.909	2.62222
419.409	2.44444
419.91	2.88889
420.41	2.53333
420.909	2.57778
421.409	2.88889
421.91	3.02222
422.41	2.93333
422.91	3.06667
423.411	2.62222
423.909	2.93333
424.409	3.15556
424.91	3.24444
425.41	3.2
425.91	3.33333
426.41	3.51111
426.908	3.2
427.408	3.55556
427.909	3.6
428.409	3.73333
428.909	3.64444
429.407	3.37778
429.907	3.86667
430.407	3.6
430.907	3.91111
431.404	3.86667
431.904	4
432.404	3.6
432.904	3.91111
433.402	3.73333
433.901	3.37778
434.401	3.51111
434.899	3.24444
435.399	3.15556
435.898	3.24444
436.398	2.84444
436.895	3.02222
437.395	2.88889
437.895	2.8
438.392	2.97778
438.892	2.8
439.391	2.88889
439.888	2.88889
440.388	2.31111
440.887	2.66667
441.385	2.62222
441.884	3.02222
442.381	2.8
442.88	3.2
443.38	2.93333
443.877	2.8
444.376	3.06667
444.873	3.15556
445.372	3.11111
445.871	3.15556
446.368	3.02222
446.868	3.28889
447.365	2.84444
447.864	2.93333
448.36	2.93333
448.859	3.28889
449.358	2.88889
449.855	3.15556
450.354	2.84444
450.851	3.46667
451.35	3.51111
451.846	3.46667
452.345	3.73333
452.842	3.37778
453.341	3.91111
453.837	3.55556
454.336	3.77778
454.832	3.73333
455.331	3.95556
455.828	4.17778
456.326	4.08889
456.823	3.91111
457.321	4.04444
457.818	3.6
458.314	3.51111
458.812	4.04444
459.309	3.73333
459.807	3.77778
460.303	3.37778
460.802	3.51111
461.298	2.8
461.794	2.84444
462.292	2.57778
462.788	2.53333
463.287	2.71111
463.783	2.75556
464.279	2.66667
464.777	2.44444
465.273	2.4
465.769	2.48889
466.267	2.84444
466.763	2.44444
467.259	2.66667
467.757	2.93333
468.253	2.93333
468.748	2.88889
469.246	2.35556
469.742	2.62222
470.238	2.57778
470.736	3.11111
471.231	2.8
471.727	2.62222
472.225	2.66667
472.72	2.44444
473.216	2.71111
473.711	2.53333
474.209	3.02222
474.704	3.15556
475.2	3.02222
475.695	3.42222
476.193	3.28889
476.688	3.68889
477.184	3.6
477.679	3.6
478.176	4.13333
478.672	3.64444
479.167	2.75556
479.662	2.62222
480.157	2.26667
480.655	1.77778
481.15	1.91111
481.645	2.22222
482.14	2.08889
482.635	2.13333
483.13	2.17778
483.627	1.51111
484.122	1.68889
484.617	1.51111
485.112	1.82222
485.607	1.73333
486.102	1.73333
486.597	1.68889
487.092	1.91111
487.588	1.73333
488.083	1.91111
488.578	2
489.073	1.73333
489.567	1.73333
490.062	1.95556
490.557	1.73333
491.051	1.51111
491.546	1.82222
492.04	1.91111
492.535	1.55556
493.029	1.91111
493.524	1.42222
494.018	1.73333
494.513	1.86667
495.007	2.04444
495.504	1.73333
495.998	1.73333
496.492	1.6
496.987	1.73333
497.481	1.64444
497.973	1.6
498.467	1.82222
498.962	1.6
499.456	1.73333
499.95	1.73333
500.444	1.86667
500.938	1.73333
501.432	1.86667
501.926	1.95556
502.42	1.82222
502.914	1.77778
503.408	1.91111
503.902	1.82222
504.396	1.6
504.89	1.6
505.384	1.68889
505.878	2
506.369	1.86667
506.863	1.6
507.357	1.6
507.85	2
508.344	1.64444
508.838	1.28889
509.331	2
509.823	1.77778
510.317	1.77778
510.81	1.55556
511.304	1.82222
511.797	1.37778
512.291	1.55556
512.782	1.68889
513.275	1.64444
513.769	1.28889
514.262	1.51111
514.756	1.46667
515.247	1.68889
515.74	1.46667
516.233	1.51111
516.727	1.42222
517.218	1.77778
517.711	1.42222
518.204	1.51111
518.697	1.51111
519.188	1.37778
519.681	1.51111
520.174	1.73333
520.667	1.64444
521.158	1.64444
521.651	1.42222
522.144	1.42222
522.635	1.68889
523.128	1.55556
523.621	1.24444
524.114	1.64444
524.605	1.6
525.097	1.51111
525.59	1.68889
526.081	1.42222
526.574	1.55556
527.066	1.37778
527.557	1.68889
528.049	1.55556
528.54	1.42222
529.033	1.64444
529.525	1.51111
530.016	1.64444
530.508	1.64444
530.999	1.42222
531.491	1.51111
531.983	1.46667
532.474	1.33333
532.966	1.46667
533.456	1.46667
533.949	1.64444
534.441	1.55556
534.931	1.28889
535.423	1.37778
535.914	1.68889
536.406	1.46667
536.896	1.42222
537.388	1.37778
537.878	1.42222
538.37	1.51111
538.86	1.42222
539.352	1.33333
539.842	1.51111
540.334	1.33333
540.824	1.55556
541.316	1.46667
541.806	1.46667
542.298	1.24444
542.787	1.42222
543.279	1.55556
543.769	1.55556
544.259	1.42222
544.75	1.33333
545.24	1.51111
545.732	1.37778
546.221	1.46667
546.713	1.24444
547.202	1.15556
547.692	1.68889
548.184	1.46667
548.673	1.42222
549.164	1.37778
549.654	1.2
550.143	1.51111
550.635	1.28889
551.124	1.68889
551.613	1.55556
552.105	1.51111
552.594	1.46667
553.083	1.46667
553.574	1.51111
554.064	1.33333
554.553	1.42222
555.044	1.33333
555.533	1.33333
556.022	1.64444
556.513	1.46667
557.002	1.42222
557.491	1.46667
557.982	1.42222
558.471	1.73333
558.96	1.42222
559.449	1.37778
559.94	1.24444
560.429	1.6
560.918	1.42222
561.406	1.28889
561.897	1.37778
562.386	1.46667
562.875	1.55556
563.363	1.6
563.852	1.55556
564.343	1.55556
564.831	1.24444
565.32	1.28889
565.809	1.55556
566.297	1.6
566.788	1.55556
567.276	1.15556
567.765	1.64444
568.253	1.33333
568.741	1.46667
569.23	1.37778
569.718	1.46667
570.208	1.33333
570.697	1.6
571.185	1.37778
571.673	1.42222
572.161	1.28889
572.65	1.42222
573.138	1.55556
573.626	1.37778
574.114	1.24444
574.604	1.42222
575.092	1.28889
575.58	1.77778
576.068	1.42222
576.556	1.46667
577.044	1.11111
577.532	1.68889
578.02	1.28889
578.508	1.28889
578.996	1.11111
579.484	1.42222
579.971	1.6
580.459	1.28889
580.947	1.37778
581.435	1.24444
581.922	1.33333
582.41	1.37778
582.898	1.42222
583.385	1.51111
583.873	1.46667
584.361	1.37778
584.848	1.2
585.336	1.73333
585.823	1.24444
586.311	1.46667
586.798	1.2
587.285	1.24444
587.771	1.55556
588.258	1.55556
588.745	1.28889
589.233	1.33333
589.72	1.2
590.207	1.24444
590.695	1.42222
591.182	1.11111
591.669	1.2
592.156	1.28889
592.641	1.51111
593.128	1.6
593.615	1.24444
594.102	1.51111
594.589	1.42222
595.076	1.24444
595.561	1.42222
596.048	1.37778
596.535	1.42222
597.022	1.33333
597.509	1.02222
597.994	1.28889
598.481	1.42222
598.967	1.33333
599.454	1.24444
599.941	1.15556
600.425	1.02222
600.912	1.2
601.399	0.933333
601.885	1.15556
602.37	1.33333
602.857	1.28889
603.343	1.51111
603.83	1.33333
604.314	1.37778
