86.938	0.444444
87.4632	0.355556
87.9905	0.577778
88.5157	0.311111
89.0408	0.4
89.5681	0.444444
90.0931	0.4
90.6182	0.488889
91.1453	0.488889
91.6703	0.577778
92.1953	0.577778
92.7223	0.4
93.2472	0.577778
93.7721	0.533333
94.2991	0.444444
94.8239	0.577778
95.3486	0.711111
95.8734	0.666667
96.4003	0.266667
96.9249	0.533333
97.4496	0.533333
97.9764	0.577778
98.501	0.577778
99.0255	0.666667
99.5501	0.666667
100.077	0.666667
100.601	0.444444
101.126	0.488889
101.65	0.488889
102.174	0.444444
102.701	0.622222
103.225	0.444444
103.75	0.711111
104.274	0.488889
104.798	0.711111
105.324	0.711111
105.849	0.711111
106.373	0.666667
106.897	0.755556
107.421	0.755556
107.947	0.577778
108.471	0.711111
108.995	0.622222
109.519	0.622222
110.043	0.755556
110.567	0.666667
111.091	0.577778
111.617	0.622222
112.141	0.844444
112.665	0.755556
113.188	0.888889
113.712	0.755556
114.236	0.577778
114.76	0.711111
115.283	0.755556
115.807	0.755556
116.331	0.888889
116.856	0.666667
117.38	0.977778
117.903	0.755556
118.427	0.844444
118.95	0.8
119.474	0.622222
119.997	0.888889
120.52	0.622222
121.044	0.666667
121.567	0.711111
122.09	0.8
122.614	0.666667
123.137	1.02222
123.66	1.02222
124.183	0.711111
124.706	0.755556
125.229	0.711111
125.752	0.844444
126.275	0.622222
126.798	0.711111
127.321	1.06667
127.844	0.977778
128.367	1.06667
128.89	0.622222
129.413	0.8
129.936	0.844444
130.459	0.844444
130.982	0.933333
131.504	0.977778
132.025	0.977778
132.548	0.888889
133.07	1.06667
133.593	1.11111
134.115	1.06667
134.638	0.977778
135.161	1.24444
135.683	1.06667
136.206	1.11111
136.728	1.42222
137.248	0.888889
137.771	1.37778
138.293	1.51111
138.815	1.64444
139.338	1.77778
139.86	1.91111
140.382	1.55556
140.902	1.82222
141.425	1.46667
141.947	1.68889
142.469	1.86667
142.991	1.73333
143.513	1.64444
144.033	1.86667
144.555	2
145.077	1.82222
145.599	2.13333
146.121	2.13333
146.641	2.44444
147.163	2.22222
147.684	2.62222
148.206	2.57778
148.726	2.48889
149.248	2.66667
149.769	2.8
150.291	2.57778
150.811	3.06667
151.332	3.24444
151.854	3.11111
152.375	3.42222
152.895	3.68889
153.416	3.24444
153.938	3.86667
154.457	3.73333
154.979	4.08889
155.5	4.13333
156.019	3.91111
156.541	3.68889
157.062	3.2
157.581	3.37778
158.102	3.02222
158.624	3.02222
159.143	2.66667
159.664	2.62222
160.185	2.75556
160.704	2.88889
161.225	2.75556
161.746	2.93333
162.265	3.15556
162.786	3.2
163.307	3.11111
163.826	2.93333
164.347	3.11111
164.866	2.97778
165.386	3.02222
165.907	3.28889
166.426	3.11111
166.947	2.8
167.465	3.02222
167.986	3.02222
168.505	2.84444
169.025	3.06667
169.544	2.75556
170.064	2.66667
170.585	2.57778
171.103	2.66667
171.624	2.84444
172.142	2.84444
172.663	2.48889
173.181	2.48889
173.701	2.93333
174.22	2.44444
174.74	2.88889
175.258	2.66667
175.778	2.88889
176.296	2.35556
176.817	2.48889
177.335	2.08889
177.855	2.4
178.373	2.48889
178.891	2.22222
179.411	2.35556
179.929	2.17778
180.449	2.04444
180.967	2.4
181.487	2.53333
182.005	2.17778
182.524	2.44444
183.042	2.31111
183.56	2.31111
184.08	2.53333
184.597	2.13333
185.117	2.22222
185.635	2.17778
186.152	2.62222
186.672	2.31111
187.189	2.48889
187.707	2.26667
188.227	2.4
188.744	2.48889
189.264	2.22222
189.781	2.4
190.298	2.57778
190.818	2.66667
191.335	2.31111
191.852	2.66667
192.372	2.53333
192.889	2.22222
193.406	2.48889
193.923	2.31111
194.442	2.57778
194.959	2.97778
195.476	2.62222
195.996	2.71111
196.513	2.62222
197.03	2.48889
197.547	3.02222
198.066	2.84444
198.582	2.8
199.099	2.71111
199.616	3.06667
200.135	2.62222
200.652	2.97778
201.169	2.93333
201.685	2.84444
202.204	2.84444
202.721	2.84444
203.237	2.93333
203.754	3.46667
204.271	3.33333
204.789	3.55556
205.306	3.37778
205.822	3.2
206.339	3.77778
206.855	3.73333
207.371	3.6
207.89	4
208.406	3.95556
208.923	4.31111
209.439	4.53333
209.955	4.17778
210.471	4.48889
210.988	4.66667
211.506	5.2
212.022	5.06667
212.538	5.11111
213.054	5.37778
213.57	5.33333
214.086	5.91111
214.602	6.44444
215.118	6.48889
215.634	6.71111
216.15	7.2
216.668	7.02222
217.184	7.37778
217.7	7.46667
218.216	8
218.731	7.6
219.247	8.26667
219.763	8.26667
220.278	8.04444
220.794	8.93333
221.31	8.44444
221.825	9.33333
222.341	9.55556
222.856	9.64445
223.372	9.68889
223.887	10.5778
224.403	10.4444
224.918	11.4222
225.434	11.7778
225.949	12.3111
226.464	13.2
226.98	13.7778
227.495	14.5778
228.01	15.2
228.525	15.4667
229.041	16.0889
229.556	16.7556
230.069	17.0222
230.584	17.7333
231.099	17.7778
231.614	18.9333
232.129	18.4444
232.644	18.4444
233.159	18.8889
233.674	19.0222
234.189	19.1556
234.704	18.0444
235.219	18.6667
235.731	19.0667
236.246	18.3111
236.761	19.2444
237.276	19.6889
237.79	20.7111
238.305	22.4
238.818	24.7111
239.332	24.5333
239.847	20.4889
240.361	15.9556
240.876	12.0889
241.391	10.2222
241.903	8.84444
242.417	8.17778
242.932	7.33333
243.446	6.8
243.961	6
244.473	6.26667
244.987	5.55556
245.501	5.46667
246.016	5.42222
246.528	5.06667
247.042	5.06667
247.556	4.84444
248.07	4.53333
248.582	4.48889
249.096	4.57778
249.61	4.53333
250.124	4.17778
250.636	4.31111
251.15	4
251.664	4.44444
252.176	4.22222
252.69	4.26667
253.204	4.13333
253.718	4.08889
254.229	4.26667
254.743	3.91111
255.257	4.04444
255.768	4.13333
256.282	3.86667
256.796	4.22222
257.307	4.13333
257.821	3.82222
258.332	3.95556
258.846	3.95556
259.359	3.82222
259.871	4.17778
260.384	4.13333
260.898	3.95556
261.409	3.91111
261.922	4.26667
262.434	4.35556
262.947	4.17778
263.46	3.77778
263.971	3.73333
264.485	4.08889
264.996	4.08889
265.509	4
266.02	4.17778
266.533	4.53333
267.044	4.66667
267.557	4.48889
268.07	4.53333
268.581	4.31111
269.094	4.71111
269.605	4.31111
270.118	4.71111
270.629	4.71111
271.141	4.53333
271.652	4.84444
272.165	4.62222
272.676	4.44444
273.188	4.44444
273.699	4.53333
274.212	4.66667
274.722	4.84444
275.233	4.62222
275.745	4.62222
276.256	4.4
276.769	4.57778
277.279	4.44444
277.791	4.48889
278.302	4.22222
278.814	4.26667
279.325	4.53333
279.835	4.26667
280.347	4.4
280.857	4.62222
281.37	4.4
281.88	4.48889
282.39	4.31111
282.902	4.4
283.412	4.04444
283.922	4.17778
284.435	4.13333
284.945	4.04444
285.455	3.77778
285.967	3.86667
286.477	3.82222
286.988	4.08889
287.498	3.86667
288.008	3.86667
288.518	3.73333
289.03	3.37778
289.54	3.64444
290.049	3.37778
290.561	3.68889
291.071	3.24444
291.58	3.55556
292.092	3.51111
292.602	3.64444
293.111	3.33333
293.621	3.2
294.132	2.88889
294.642	3.24444
295.151	3.11111
295.661	2.93333
296.172	2.97778
296.682	2.88889
297.191	2.93333
297.7	2.84444
298.209	2.53333
298.721	2.97778
299.23	2.88889
299.739	2.62222
300.248	2.75556
300.758	2.84444
301.269	2.66667
301.778	3.06667
302.287	2.57778
302.796	2.57778
303.305	2.8
303.814	3.02222
304.325	2.62222
304.834	2.48889
305.343	2.53333
305.852	2.71111
306.36	2.88889
306.869	2.48889
307.378	2.88889
307.889	2.66667
308.397	2.75556
308.906	2.35556
309.415	2.57778
309.923	2.35556
310.432	2.08889
310.941	1.86667
311.449	2.53333
311.958	2.44444
312.466	2.04444
312.975	2.66667
313.483	2.35556
313.991	2.44444
314.5	2.17778
315.01	2.4
315.519	1.91111
316.027	2.26667
316.535	2.26667
317.043	2.26667
317.552	2.66667
318.06	2.35556
318.568	2.4
319.076	2.4
319.584	2.04444
320.092	2.26667
320.6	2.17778
321.106	2.48889
321.614	2.35556
322.122	2.35556
322.63	2.53333
323.138	2.13333
323.646	2.48889
324.154	2.31111
324.662	2.44444
325.169	2.35556
325.677	2.26667
326.185	2.4
326.693	2.44444
327.2	2.31111
327.708	2.44444
328.213	2.31111
328.721	2.62222
329.229	2.35556
329.736	2.26667
330.244	2.31111
330.751	2.31111
331.259	2.44444
331.766	2.44444
332.271	2.22222
332.779	2.48889
333.286	2.4
333.793	2.08889
334.301	2.93333
334.808	2.4
335.313	2.66667
335.82	2.62222
336.327	2.48889
336.835	2.35556
337.342	2.53333
337.847	2.53333
338.354	2.75556
338.861	2.62222
339.368	2.71111
339.873	2.44444
340.38	2.57778
340.887	2.62222
341.394	2.88889
341.898	2.57778
342.405	2.8
342.912	2.75556
343.419	2.44444
343.923	2.75556
344.43	2.71111
344.937	2.75556
345.444	2.44444
345.948	2.44444
346.455	2.44444
346.961	2.57778
347.466	2.48889
347.972	2.48889
348.479	2.48889
348.983	2.17778
349.49	2.35556
349.996	2.35556
350.501	2.35556
351.007	2.62222
351.513	2.44444
352.017	2.53333
352.524	2.62222
353.028	2.44444
353.534	2.53333
354.04	2.4
354.545	2.48889
355.051	2.8
355.555	2.57778
356.061	2.48889
356.567	2.71111
357.071	2.31111
357.577	2.44444
358.081	2.62222
358.587	2.57778
359.091	2.66667
359.596	2.8
360.102	2.93333
360.606	2.57778
361.112	2.53333
361.616	2.57778
362.121	2.71111
362.625	2.57778
363.131	2.71111
363.634	2.84444
364.14	2.66667
364.644	2.88889
365.149	2.97778
365.653	2.66667
366.158	3.06667
366.662	2.84444
367.167	2.8
367.671	2.4
368.176	2.62222
368.679	2.53333
369.183	2.71111
369.688	2.71111
370.191	2.53333
370.696	2.35556
371.2	2.31111
371.705	2.48889
372.208	2.17778
372.711	2.31111
373.216	2.26667
373.719	2.08889
374.224	2.22222
374.727	2.17778
375.23	1.95556
375.735	2.08889
376.238	1.77778
376.741	2.26667
377.246	2.13333
377.749	2
378.252	2.08889
378.757	1.73333
379.259	2.17778
379.762	2.35556
380.267	2.31111
380.77	2.04444
381.272	2.04444
381.777	2.26667
382.279	2.08889
382.782	2.26667
383.287	2.31111
383.789	2.08889
384.292	2.13333
384.794	2.26667
385.299	2.04444
385.801	2.13333
386.303	2.17778
386.808	2.31111
387.31	1.86667
387.812	1.77778
388.315	2.35556
388.817	2.17778
389.321	2.04444
389.823	2.26667
390.325	2.08889
390.828	2.13333
391.33	2.22222
391.834	2.26667
392.336	2.08889
392.838	1.95556
393.34	2.08889
393.842	2.04444
394.346	2.22222
394.848	2.66667
395.35	2.04444
395.851	2
396.353	2.31111
396.855	2.17778
397.357	2.31111
397.861	2.26667
398.362	2.13333
398.864	2.04444
399.366	2.22222
399.867	2.31111
400.369	2.35556
400.87	1.95556
401.372	2.48889
401.873	2.08889
402.375	2.04444
402.878	2.22222
403.38	2.44444
403.881	2.44444
404.383	2.13333
404.884	2.44444
405.385	2.22222
405.887	2.13333
406.388	2.35556
406.889	2.48889
407.39	2.26667
407.892	2.17778
408.393	2.35556
408.894	2
409.395	2.4
409.896	2.48889
410.397	2.4
410.898	2.35556
411.399	2.35556
411.9	2.31111
412.401	2.35556
412.902	2.31111
413.403	2.35556
413.904	2.35556
414.405	2.57778
414.905	2.31111
415.406	2.57778
415.905	2.44444
416.406	2.75556
416.906	2.35556
417.407	2.8
417.908	2.62222
418.408	2.66667
418.909	2.53333
419.409	2.44444
419.91	2.66667
420.41	2.66667
420.909	2.44444
421.409	2.84444
421.91	2.53333
422.41	2.44444
422.91	2.88889
423.411	2.8
423.909	3.06667
424.409	2.71111
424.91	3.02222
425.41	3.15556
425.91	2.75556
426.41	3.42222
426.908	3.28889
427.408	3.37778
427.909	3.42222
428.409	3.42222
428.909	3.73333
429.407	3.68889
429.907	3.77778
430.407	3.91111
430.907	3.86667
431.404	3.68889
431.904	3.77778
432.404	4
432.904	4
433.402	3.68889
433.901	3.73333
434.401	3.64444
434.899	3.46667
435.399	3.02222
435.898	2.88889
436.398	2.97778
436.895	3.11111
437.395	2.93333
437.895	2.66667
438.392	2.48889
438.892	2.88889
439.391	2.88889
439.888	2.44444
440.388	2.66667
440.887	2.71111
441.385	2.8
441.884	2.66667
442.381	2.8
442.88	2.66667
443.38	3.2
443.877	3.33333
444.376	3.11111
444.873	3.11111
445.372	2.97778
445.871	3.15556
446.368	2.97778
446.868	3.15556
447.365	2.57778
447.864	2.97778
448.36	2.88889
448.859	3.2
449.358	2.88889
449.855	3.33333
450.354	3.55556
450.851	2.93333
451.35	3.28889
451.846	3.46667
452.345	3.64444
452.842	3.73333
453.341	3.73333
453.837	3.51111
454.336	3.55556
454.832	3.68889
455.331	3.91111
455.828	3.86667
456.326	3.82222
456.823	3.46667
457.321	4.13333
457.818	4.13333
458.314	4.04444
458.812	4.08889
459.309	3.73333
459.807	3.46667
460.303	3.2
460.802	3.15556
461.298	2.93333
461.794	2.75556
462.292	2.66667
462.788	2.44444
463.287	2.53333
463.783	2.66667
464.279	2.35556
464.777	2.66667
465.273	2.31111
465.769	2.53333
466.267	2.44444
466.763	2.48889
467.259	2.57778
467.757	2.31111
468.253	2.4
468.748	2.93333
469.246	2.22222
469.742	2.35556
470.238	2.53333
470.736	2.53333
471.231	2.57778
471.727	2.62222
472.225	2.48889
472.72	2.62222
473.216	2.71111
473.711	2.57778
474.209	2.84444
474.704	2.88889
475.2	2.84444
475.695	3.02222
476.193	3.24444
476.688	3.42222
477.184	3.95556
477.679	3.6
478.176	4.13333
478.672	3.42222
479.167	2.84444
479.662	2.57778
480.157	2.22222
480.655	2.13333
481.15	1.73333
481.645	1.77778
482.14	1.73333
482.635	1.6
483.13	1.68889
483.627	1.95556
484.122	1.46667
484.617	1.51111
485.112	2
485.607	1.86667
486.102	1.68889
486.597	1.82222
487.092	1.73333
487.588	1.77778
488.083	1.82222
488.578	1.64444
489.073	1.64444
489.567	1.86667
490.062	1.86667
490.557	1.55556
491.051	1.6
491.546	1.42222
492.04	1.64444
492.535	1.46667
493.029	1.64444
493.524	1.55556
494.018	1.73333
494.513	1.73333
495.007	1.46667
495.504	1.73333
495.998	1.73333
496.492	1.55556
496.987	1.42222
497.481	1.6
497.973	1.51111
498.467	1.64444
498.962	1.64444
499.456	1.77778
499.95	1.77778
500.444	1.46667
500.938	1.68889
501.432	1.55556
501.926	1.6
502.42	1.73333
502.914	1.86667
503.408	1.68889
503.902	1.82222
504.396	1.37778
504.89	1.68889
505.384	1.51111
505.878	1.82222
506.369	1.73333
506.863	1.73333
507.357	1.6
507.85	1.77778
508.344	1.64444
508.838	1.64444
509.331	1.64444
509.823	1.51111
510.317	1.64444
510.81	1.42222
511.304	1.64444
511.797	1.55556
512.291	1.46667
512.782	1.37778
513.275	1.73333
513.769	1.86667
514.262	1.6
514.756	1.77778
515.247	1.51111
515.74	1.42222
516.233	1.28889
516.727	1.28889
517.218	1.6
517.711	1.51111
518.204	1.82222
518.697	1.37778
519.188	1.37778
519.681	1.73333
520.174	1.33333
520.667	1.55556
521.158	1.6
521.651	1.37778
522.144	1.33333
522.635	1.28889
523.128	1.55556
523.621	1.51111
524.114	1.33333
524.605	1.51111
525.097	1.46667
525.59	1.51111
526.081	1.24444
526.574	1.33333
527.066	1.33333
527.557	1.28889
528.049	1.28889
528.54	1.28889
529.033	1.33333
529.525	1.51111
530.016	1.46667
530.508	1.28889
530.999	1.68889
531.491	1.42222
531.983	1.51111
532.474	1.42222
532.966	1.2
533.456	1.6
533.949	1.51111
534.441	1.2
534.931	1.46667
535.423	1.37778
535.914	1.33333
536.406	1.28889
536.896	1.46667
537.388	1.24444
537.878	1.42222
538.37	1.68889
538.86	1.46667
539.352	1.33333
539.842	1.28889
540.334	1.02222
540.824	1.42222
541.316	1.33333
541.806	1.42222
542.298	1.2
542.787	1.37778
543.279	1.24444
543.769	1.33333
544.259	1.28889
544.75	1.46667
545.24	1.33333
545.732	1.42222
546.221	1.2
546.713	1.28889
547.202	1.37778
547.692	1.33333
548.184	1.33333
548.673	1.37778
549.164	1.15556
549.654	1.24444
550.143	1.15556
550.635	1.42222
551.124	1.15556
551.613	1.55556
552.105	1.33333
552.594	1.42222
553.083	1.28889
553.574	1.24444
554.064	1.33333
554.553	1.46667
555.044	1.24444
555.533	1.28889
556.022	1.11111
556.513	1.2
557.002	1.51111
557.491	1.24444
557.982	1.37778
558.471	1.24444
558.96	1.33333
559.449	1.6
559.94	1.11111
560.429	1.28889
560.918	1.51111
561.406	1.24444
561.897	1.11111
562.386	1.37778
562.875	1.2
563.363	1.33333
563.852	1.33333
564.343	1.28889
564.831	1.46667
565.32	1.2
565.809	1.28889
566.297	1.15556
566.788	1.24444
567.276	1.46667
567.765	1.51111
568.253	1.55556
568.741	1.42222
569.23	1.11111
569.718	1.42222
570.208	1.24444
570.697	1.11111
571.185	1.46667
571.673	1.37778
572.161	1.33333
572.65	1.28889
573.138	1.24444
573.626	1.42222
574.114	1.11111
574.604	1.46667
575.092	0.888889
575.58	1.64444
576.068	1.11111
576.556	1.37778
577.044	1.28889
577.532	1.15556
578.02	1.37778
578.508	1.55556
578.996	1.6
579.484	1.28889
579.971	1.15556
580.459	1.11111
580.947	1.33333
581.435	1.28889
581.922	1.11111
582.41	1.24444
582.898	1.42222
583.385	1.28889
583.873	1.24444
584.361	1.33333
584.848	1.15556
585.336	1.15556
585.823	1.46667
586.311	1.2
586.798	1.6
587.285	0.933333
587.771	1.37778
588.258	1.28889
588.745	1.33333
589.233	0.933333
589.72	1.33333
590.207	1.15556
590.695	1.2
591.182	1.46667
591.669	1.11111
592.156	1.11111
592.641	1.37778
593.128	1.11111
593.615	1.06667
594.102	1.24444
594.589	1.42222
595.076	1.37778
595.561	1.33333
596.048	1.15556
596.535	1.24444
597.022	1.15556
597.509	1.42222
597.994	1.24444
598.481	1.06667
598.967	1.15556
599.454	1.28889
599.941	1.11111
600.425	1.33333
600.912	1.11111
601.399	1.33333
601.885	1.33333
602.37	1.33333
602.857	1.11111
603.343	1.24444
603.83	1.28889
604.314	1.28889
