86.938	0.577778
87.4632	0.666667
87.9905	0.533333
88.5157	0.577778
89.0408	0.711111
89.5681	0.355556
90.0931	0.488889
90.6182	0.311111
91.1453	0.488889
91.6703	0.355556
92.1953	0.622222
92.7223	0.622222
93.2472	0.8
93.7721	0.533333
94.2991	0.444444
94.8239	0.622222
95.3486	0.666667
95.8734	0.577778
96.4003	0.711111
96.9249	0.711111
97.4496	0.533333
97.9764	0.755556
98.501	0.577778
99.0255	0.666667
99.5501	0.622222
100.077	0.622222
100.601	0.666667
101.126	0.444444
101.65	0.533333
102.174	0.355556
102.701	0.622222
103.225	0.666667
103.75	0.622222
104.274	0.711111
104.798	0.8
105.324	0.622222
105.849	0.8
106.373	0.844444
106.897	0.755556
107.421	0.8
107.947	0.977778
108.471	0.888889
108.995	0.666667
109.519	0.711111
110.043	0.533333
110.567	0.622222
111.091	0.8
111.617	0.844444
112.141	0.844444
112.665	0.355556
113.188	0.755556
113.712	0.622222
114.236	0.622222
114.76	0.711111
115.283	0.755556
115.807	0.933333
116.331	0.711111
116.856	0.977778
117.38	0.577778
117.903	1.11111
118.427	1.02222
118.95	0.933333
119.474	0.622222
119.997	0.622222
120.52	0.533333
121.044	0.622222
121.567	0.755556
122.09	0.755556
122.614	1.02222
123.137	0.977778
123.66	0.755556
124.183	0.755556
124.706	1.06667
125.229	0.8
125.752	0.666667
126.275	0.666667
126.798	1.02222
127.321	0.933333
127.844	0.888889
128.367	0.844444
128.89	0.977778
129.413	1.06667
129.936	0.977778
130.459	0.711111
130.982	1.24444
131.504	1.2
132.025	0.977778
132.548	1.02222
133.07	1.15556
133.593	0.844444
134.115	1.02222
134.638	1.11111
135.161	0.933333
135.683	1.11111
136.206	1.11111
136.728	1.2
137.248	1.02222
137.771	1.28889
138.293	1.64444
138.815	1.46667
139.338	1.82222
139.86	1.24444
140.382	1.51111
140.902	1.77778
141.425	1.68889
141.947	1.51111
142.469	1.64444
142.991	1.73333
143.513	1.95556
144.033	1.64444
144.555	2.26667
145.077	1.95556
145.599	2.17778
146.121	2.17778
146.641	2.62222
147.163	2.31111
147.684	2.48889
148.206	2.48889
148.726	2.26667
149.248	2.57778
149.769	2.66667
150.291	2.71111
150.811	3.11111
151.332	2.8
151.854	2.97778
152.375	3.33333
152.895	3.11111
153.416	3.51111
153.938	3.91111
154.457	3.73333
154.979	3.68889
155.5	3.33333
156.019	3.46667
156.541	2.88889
157.062	3.02222
157.581	3.15556
158.102	2.93333
158.624	2.93333
159.143	2.97778
159.664	2.93333
160.185	2.8
160.704	2.84444
161.225	3.06667
161.746	2.84444
162.265	3.11111
162.786	2.93333
163.307	3.24444
163.826	3.28889
164.347	3.02222
164.866	3.15556
165.386	3.28889
165.907	2.8
166.426	3.02222
166.947	2.84444
167.465	3.11111
167.986	2.97778
168.505	2.66667
169.025	2.71111
169.544	2.53333
170.064	2.88889
170.585	2.26667
171.103	2.62222
171.624	2.53333
172.142	2.8
172.663	2.48889
173.181	2.75556
173.701	2.75556
174.22	2.66667
174.74	2.44444
175.258	2.53333
175.778	2.44444
176.296	2.35556
176.817	2.57778
177.335	2.35556
177.855	2.08889
178.373	2.4
178.891	2.22222
179.411	2.13333
179.929	2.35556
180.449	2.04444
180.967	2
181.487	2.26667
182.005	2.4
182.524	2.22222
183.042	2.22222
183.56	2.04444
184.08	2.04444
184.597	1.91111
185.117	2.17778
185.635	2.26667
186.152	2.13333
186.672	2.22222
187.189	2.4
187.707	2.26667
188.227	2.17778
188.744	1.95556
189.264	2.08889
189.781	2.4
190.298	2.31111
190.818	2.44444
191.335	2.17778
191.852	2.35556
192.372	2.04444
192.889	2.26667
193.406	2.08889
193.923	2.53333
194.442	2.35556
194.959	2.57778
195.476	2.13333
195.996	2.57778
196.513	2.35556
197.03	2.13333
197.547	2.75556
198.066	2.17778
198.582	2.84444
199.099	2.35556
199.616	2.93333
200.135	2.57778
200.652	2.8
201.169	2.8
201.685	2.84444
202.204	3.02222
202.721	2.97778
203.237	2.88889
203.754	2.84444
204.271	2.93333
204.789	3.11111
205.306	3.37778
205.822	3.37778
206.339	3.6
206.855	3.24444
207.371	3.37778
207.89	3.6
208.406	3.95556
208.923	3.86667
209.439	4
209.955	4.31111
210.471	4.26667
210.988	4.62222
211.506	4.93333
212.022	4.62222
212.538	5.02222
213.054	5.37778
213.57	5.24444
214.086	5.6
214.602	6.08889
215.118	6.22222
215.634	6.31111
216.15	6.48889
216.668	6.97778
217.184	6.93333
217.7	7.06667
218.216	7.73333
218.731	7.86667
219.247	7.95556
219.763	7.46667
220.278	8.13333
220.794	8.44444
221.31	8.75556
221.825	8.8
222.341	9.24444
222.856	9.55556
223.372	10.0889
223.887	10.0889
224.403	11.0667
224.918	11.0667
225.434	12.5333
225.949	12.7556
226.464	13.2444
226.98	13.4222
227.495	13.8222
228.01	14.1333
228.525	15.3333
229.041	15.3778
229.556	16.1778
230.069	16.4889
230.584	16.7556
231.099	16.6222
231.614	16.7111
232.129	16.9333
232.644	16.6222
233.159	16.8444
233.674	17.2444
234.189	16.8444
234.704	16.8
235.219	16.8444
235.731	17.5111
236.246	17.1556
236.761	17.0222
237.276	18.4
237.79	18.8444
238.305	19.3333
238.818	20.1778
239.332	19.2889
239.847	16.9778
240.361	13.5111
240.876	11.2889
241.391	9.77778
241.903	8.66667
242.417	8.35556
242.932	7.28889
243.446	6.48889
243.961	6.26667
244.473	5.91111
244.987	5.46667
245.501	5.42222
246.016	5.02222
246.528	5.06667
247.042	4.71111
247.556	4.53333
248.07	4.57778
248.582	4.44444
249.096	4.31111
249.61	4.31111
250.124	4.35556
250.636	4.35556
251.15	4.22222
251.664	4.35556
252.176	4.17778
252.69	4.26667
253.204	4.48889
253.718	4
254.229	3.95556
254.743	4.4
255.257	3.82222
255.768	3.86667
256.282	4
256.796	3.86667
257.307	4.22222
257.821	3.95556
258.332	4
258.846	4.04444
259.359	4.17778
259.871	4.22222
260.384	4
260.898	4.22222
261.409	4.08889
261.922	4.44444
262.434	3.73333
262.947	3.91111
263.46	3.82222
263.971	4.31111
264.485	4.26667
264.996	4.4
265.509	4.22222
266.02	4.57778
266.533	4.48889
267.044	4.66667
267.557	4.26667
268.07	4.48889
268.581	4.8
269.094	4.57778
269.605	4.93333
270.118	4.35556
270.629	4.88889
271.141	4.53333
271.652	4.75556
272.165	4.97778
272.676	4.57778
273.188	4.44444
273.699	4.53333
274.212	4.57778
274.722	4.53333
275.233	4.62222
275.745	4.48889
276.256	4.17778
276.769	4.75556
277.279	4.75556
277.791	4.8
278.302	4.75556
278.814	4.88889
279.325	4.44444
279.835	4.75556
280.347	4.44444
280.857	4.75556
281.37	4.71111
281.88	4.53333
282.39	4.4
282.902	4.35556
283.412	4.44444
283.922	4.35556
284.435	4.13333
284.945	3.64444
285.455	4.13333
285.967	4
286.477	3.91111
286.988	4.04444
287.498	3.91111
288.008	3.68889
288.518	3.42222
289.03	3.95556
289.54	3.6
290.049	3.64444
290.561	3.55556
291.071	3.68889
291.58	3.55556
292.092	3.46667
292.602	3.37778
293.111	3.28889
293.621	3.24444
294.132	3.55556
294.642	2.88889
295.151	3.15556
295.661	3.11111
296.172	3.11111
296.682	3.15556
297.191	2.88889
297.7	3.02222
298.209	2.71111
298.721	2.93333
299.23	2.66667
299.739	2.84444
300.248	2.88889
300.758	2.57778
301.269	2.57778
301.778	2.84444
302.287	2.84444
302.796	2.31111
303.305	2.62222
303.814	2.53333
304.325	2.88889
304.834	2.75556
305.343	2.66667
305.852	2.75556
306.36	2.4
306.869	2.66667
307.378	2.4
307.889	2.35556
308.397	2.71111
308.906	2.57778
309.415	2.22222
309.923	2.26667
310.432	2.31111
310.941	2.04444
311.449	2.35556
311.958	2.62222
312.466	2.35556
312.975	2.44444
313.483	1.95556
313.991	2.26667
314.5	1.95556
315.01	2.17778
315.519	2.31111
316.027	2.17778
316.535	2.35556
317.043	2.26667
317.552	2.26667
318.06	2.26667
318.568	2.44444
319.076	2.17778
319.584	2.44444
320.092	2.26667
320.6	2.4
321.106	2.13333
321.614	2.4
322.122	2.13333
322.63	2.31111
323.138	2.35556
323.646	2.48889
324.154	2.57778
324.662	2.44444
325.169	2.31111
325.677	2.44444
326.185	2.26667
326.693	2.4
327.2	2.4
327.708	2.35556
328.213	2.08889
328.721	2.08889
329.229	2.71111
329.736	2.35556
330.244	2.04444
330.751	2.4
331.259	2.48889
331.766	2.22222
332.271	2.31111
332.779	2.22222
333.286	2.84444
333.793	2.22222
334.301	2.48889
334.808	2.31111
335.313	2.44444
335.82	2.66667
336.327	2.71111
336.835	2.53333
337.342	2.57778
337.847	2.57778
338.354	2.62222
338.861	2.75556
339.368	2.62222
339.873	2.75556
340.38	2.44444
340.887	2.31111
341.394	2.4
341.898	2.48889
342.405	2.66667
342.912	2.44444
343.419	2.57778
343.923	2.75556
344.43	2.48889
344.937	2.62222
345.444	2.44444
345.948	2.71111
346.455	2.62222
346.961	2.62222
347.466	2.17778
347.972	2.48889
348.479	2.22222
348.983	2.57778
349.49	2.71111
349.996	2.4
350.501	2.57778
351.007	2.53333
351.513	2.31111
352.017	2.04444
352.524	2.53333
353.028	2.44444
353.534	2.57778
354.04	2.44444
354.545	2.08889
355.051	2.93333
355.555	2.04444
356.061	2.66667
356.567	2.71111
357.071	2.62222
357.577	2.44444
358.081	2.62222
358.587	2.8
359.091	2.88889
359.596	2.26667
360.102	2.93333
360.606	3.11111
361.112	2.71111
361.616	2.84444
362.121	2.35556
362.625	2.44444
363.131	2.62222
363.634	2.75556
364.14	3.02222
364.644	2.8
365.149	2.97778
365.653	2.53333
366.158	2.53333
366.662	2.8
367.167	2.57778
367.671	2.88889
368.176	2.44444
368.679	2.53333
369.183	2.48889
369.688	2.53333
370.191	2.44444
370.696	2.26667
371.2	2.35556
371.705	2.04444
372.208	2.04444
372.711	2.08889
373.216	2.13333
373.719	2.08889
374.224	2.44444
374.727	2.08889
375.23	2.08889
375.735	2.22222
376.238	2.35556
376.741	2.13333
377.246	2.35556
377.749	2.22222
378.252	2
378.757	2.31111
379.259	2.04444
379.762	2.22222
380.267	2.17778
380.77	2.31111
381.272	2.13333
381.777	2.22222
382.279	2.31111
382.782	2.13333
383.287	2.26667
383.789	2.13333
384.292	2.04444
384.794	2.04444
385.299	2.13333
385.801	2.13333
386.303	2.13333
386.808	2.26667
387.31	2.26667
387.812	2.22222
388.315	2.08889
388.817	2.31111
389.321	2.26667
389.823	2.04444
390.325	2.35556
390.828	2.31111
391.33	2.13333
391.834	2.22222
392.336	2.26667
392.838	2.26667
393.34	2.53333
393.842	2.31111
394.346	2.31111
394.848	2
395.35	2.22222
395.851	2.35556
396.353	2.17778
396.855	2.17778
397.357	2.22222
397.861	2.31111
398.362	2.35556
398.864	2.31111
399.366	2.53333
399.867	2.17778
400.369	2.31111
400.87	2.22222
401.372	2.04444
401.873	2.13333
402.375	2.08889
402.878	2.31111
403.38	2.35556
403.881	2.17778
404.383	2.04444
404.884	2.4
405.385	2.13333
405.887	2
406.388	2.35556
406.889	2.71111
407.39	2.26667
407.892	2.26667
408.393	2.48889
408.894	2.31111
409.395	2.4
409.896	2.35556
410.397	2.17778
410.898	2.35556
411.399	2.26667
411.9	2.4
412.401	2.26667
412.902	2.8
413.403	2.66667
413.904	2.26667
414.405	2.26667
414.905	2.4
415.406	2.44444
415.905	2.26667
416.406	2.53333
416.906	2.62222
417.407	2.62222
417.908	2.57778
418.408	2.62222
418.909	2.66667
419.409	3.02222
419.91	2.75556
420.41	2.48889
420.909	2.93333
421.409	2.62222
421.91	2.62222
422.41	2.84444
422.91	3.02222
423.411	3.33333
423.909	2.93333
424.409	2.97778
424.91	2.93333
425.41	3.28889
425.91	3.2
426.41	3.51111
426.908	3.24444
427.408	3.15556
427.909	3.28889
428.409	3.95556
428.909	3.86667
429.407	3.55556
429.907	4.13333
430.407	3.51111
430.907	3.91111
431.404	3.95556
431.904	3.73333
432.404	3.77778
432.904	3.6
433.402	3.42222
433.901	3.51111
434.401	3.95556
434.899	3.2
435.399	2.93333
435.898	3.15556
436.398	3.15556
436.895	3.11111
437.395	2.88889
437.895	3.02222
438.392	2.53333
438.892	2.57778
439.391	2.97778
439.888	2.66667
440.388	2.75556
440.887	2.84444
441.385	3.02222
441.884	2.71111
442.381	3.02222
442.88	2.48889
443.38	2.93333
443.877	3.11111
444.376	2.8
444.873	3.02222
445.372	3.02222
445.871	2.97778
446.368	3.28889
446.868	2.88889
447.365	3.24444
447.864	3.11111
448.36	2.97778
448.859	3.24444
449.358	3.02222
449.855	2.97778
450.354	3.37778
450.851	3.28889
451.35	3.51111
451.846	3.46667
452.345	3.55556
452.842	3.77778
453.341	3.82222
453.837	3.77778
454.336	4.04444
454.832	4.13333
455.331	3.91111
455.828	4
456.326	3.68889
456.823	3.86667
457.321	3.77778
457.818	4.22222
458.314	4.22222
458.812	3.95556
459.309	4.04444
459.807	3.64444
460.303	3.15556
460.802	3.37778
461.298	3.28889
461.794	2.84444
462.292	2.57778
462.788	2.8
463.287	2.71111
463.783	2.75556
464.279	2.71111
464.777	2.53333
465.273	2.71111
465.769	2.66667
466.267	2.75556
466.763	2.44444
467.259	2.75556
467.757	2.31111
468.253	2.62222
468.748	2.48889
469.246	2.44444
469.742	2.66667
470.238	2.66667
470.736	2.93333
471.231	2.75556
471.727	2.53333
472.225	2.71111
472.72	2.48889
473.216	2.84444
473.711	2.8
474.209	3.02222
474.704	2.71111
475.2	2.97778
475.695	3.24444
476.193	3.51111
476.688	3.73333
477.184	3.77778
477.679	4.17778
478.176	3.64444
478.672	3.06667
479.167	2.66667
479.662	2.35556
480.157	2.26667
480.655	1.95556
481.15	1.77778
481.645	1.68889
482.14	2.04444
482.635	1.82222
483.13	1.64444
483.627	1.82222
484.122	1.82222
484.617	1.82222
485.112	1.77778
485.607	1.77778
486.102	1.82222
486.597	1.64444
487.092	1.91111
487.588	1.82222
488.083	1.77778
488.578	1.68889
489.073	1.51111
489.567	1.51111
490.062	1.95556
490.557	1.68889
491.051	1.77778
491.546	1.73333
492.04	1.82222
492.535	1.55556
493.029	1.77778
493.524	1.64444
494.018	1.64444
494.513	1.55556
495.007	1.55556
495.504	2.08889
495.998	1.64444
496.492	1.68889
496.987	1.64444
497.481	1.42222
497.973	1.68889
498.467	1.64444
498.962	1.73333
499.456	1.86667
499.95	1.82222
500.444	1.82222
500.938	1.73333
501.432	1.6
501.926	1.82222
502.42	1.6
502.914	1.77778
503.408	1.46667
503.902	1.73333
504.396	1.64444
504.89	1.6
505.384	1.91111
505.878	1.86667
506.369	1.95556
506.863	1.64444
507.357	1.77778
507.85	1.68889
508.344	1.51111
508.838	1.91111
509.331	1.68889
509.823	1.42222
510.317	1.6
510.81	1.64444
511.304	1.73333
511.797	1.37778
512.291	1.73333
512.782	1.64444
513.275	1.6
513.769	1.51111
514.262	1.55556
514.756	1.64444
515.247	1.64444
515.74	1.51111
516.233	1.64444
516.727	1.42222
517.218	1.82222
517.711	1.42222
518.204	1.51111
518.697	1.77778
519.188	1.68889
519.681	1.6
520.174	1.55556
520.667	1.33333
521.158	1.46667
521.651	1.6
522.144	1.73333
522.635	1.2
523.128	1.46667
523.621	1.37778
524.114	1.82222
524.605	1.68889
525.097	1.33333
525.59	1.64444
526.081	1.02222
526.574	1.64444
527.066	1.68889
527.557	1.42222
528.049	1.46667
528.54	1.55556
529.033	1.46667
529.525	1.51111
530.016	1.37778
530.508	1.46667
530.999	1.55556
531.491	1.68889
531.983	1.68889
532.474	1.42222
532.966	1.6
533.456	1.51111
533.949	1.24444
534.441	1.55556
534.931	1.51111
535.423	1.64444
535.914	1.64444
536.406	1.24444
536.896	1.15556
537.388	1.51111
537.878	1.42222
538.37	1.33333
538.86	1.33333
539.352	1.2
539.842	1.28889
540.334	1.6
540.824	1.33333
541.316	1.37778
541.806	1.28889
542.298	1.6
542.787	1.64444
543.279	1.37778
543.769	1.37778
544.259	1.33333
544.75	1.42222
545.24	1.42222
545.732	1.11111
546.221	1.33333
546.713	1.37778
547.202	1.33333
547.692	1.42222
548.184	1.42222
548.673	1.24444
549.164	1.37778
549.654	1.42222
550.143	1.51111
550.635	1.6
551.124	1.68889
551.613	1.28889
552.105	1.33333
552.594	1.37778
553.083	1.42222
553.574	1.24444
554.064	1.6
554.553	1.37778
555.044	1.42222
555.533	1.68889
556.022	1.42222
556.513	1.73333
557.002	1.86667
557.491	1.28889
557.982	1.15556
558.471	1.46667
558.96	1.46667
559.449	1.24444
559.94	1.15556
560.429	1.37778
560.918	1.42222
561.406	1.33333
561.897	1.51111
562.386	1.33333
562.875	1.02222
563.363	1.28889
563.852	1.46667
564.343	1.46667
564.831	1.37778
565.32	1.37778
565.809	1.33333
566.297	1.37778
566.788	1.46667
567.276	1.6
567.765	1.46667
568.253	1.24444
568.741	1.37778
569.23	1.42222
569.718	1.33333
570.208	1.46667
570.697	1.6
571.185	1.15556
571.673	1.28889
572.161	1.02222
572.65	1.33333
573.138	1.46667
573.626	1.33333
574.114	1.42222
574.604	1.37778
575.092	1.6
575.58	1.86667
576.068	1.28889
576.556	1.33333
577.044	1.46667
577.532	1.64444
578.02	1.46667
578.508	1.28889
578.996	1.24444
579.484	1.33333
579.971	1.2
580.459	1.42222
580.947	1.24444
581.435	1.46667
581.922	1.11111
582.41	1.2
582.898	1.42222
583.385	1.02222
583.873	1.24444
584.361	1.24444
584.848	1.2
585.336	1.28889
585.823	1.37778
586.311	1.55556
586.798	1.28889
587.285	1.15556
587.771	1.24444
588.258	1.28889
588.745	1.37778
589.233	1.37778
589.72	1.42222
590.207	1.46667
590.695	1.42222
591.182	1.46667
591.669	1.11111
592.156	1.28889
592.641	1.24444
593.128	1.55556
593.615	1.51111
594.102	1.37778
594.589	1.46667
595.076	1.33333
595.561	1.2
596.048	1.51111
596.535	1.42222
597.022	1.24444
597.509	1.28889
597.994	1.42222
598.481	1.24444
598.967	1.33333
599.454	1.15556
599.941	1.02222
600.425	1.37778
600.912	1.46667
601.399	1.37778
601.885	1.11111
602.37	1.2
602.857	1.46667
603.343	1.02222
603.83	1.2
604.314	1.11111
